&CONTROL
  calculation   = 'nscf'
  prefix        = 'gaas'
  outdir        = './tmp'
  pseudo_dir    = '/home/haney411/wrk/qe/SSSP_1.3.0_PBE_efficiency'
/

&SYSTEM
  ibrav         = 2
  celldm(1)     = 10.684        ! experimental a = 5.6537 A (Ponce et al. PRB 2021, Table I)
  nat           = 2
  ntyp          = 2
  ecutwfc       = 70.0          ! Ga PAW (3d in valence) header: 60 Ry
  ecutrho       = 560.0         ! 8x for PAW/USPP
  nbnd          = 24            ! = num_bands(19) + exclude_bands(5 Ga-3d)
  nosym         = .true.
  noinv         = .true.
/

&ELECTRONS
  conv_thr        = 1.0d-11
  diago_full_acc  = .true.
/

ATOMIC_SPECIES
  Ga  69.723  Ga.pbe-dn-kjpaw_psl.1.0.0.UPF
  As  74.922  As.pbe-n-rrkjus_psl.0.2.UPF

ATOMIC_POSITIONS {crystal}
  Ga   0.00   0.00   0.00
  As  -0.25   0.75  -0.25

K_POINTS crystal
1000
  0.00000000  0.00000000  0.00000000  1.000000e-03
  0.00000000  0.00000000  0.10000000  1.000000e-03
  0.00000000  0.00000000  0.20000000  1.000000e-03
  0.00000000  0.00000000  0.30000000  1.000000e-03
  0.00000000  0.00000000  0.40000000  1.000000e-03
  0.00000000  0.00000000  0.50000000  1.000000e-03
  0.00000000  0.00000000  0.60000000  1.000000e-03
  0.00000000  0.00000000  0.70000000  1.000000e-03
  0.00000000  0.00000000  0.80000000  1.000000e-03
  0.00000000  0.00000000  0.90000000  1.000000e-03
  0.00000000  0.10000000  0.00000000  1.000000e-03
  0.00000000  0.10000000  0.10000000  1.000000e-03
  0.00000000  0.10000000  0.20000000  1.000000e-03
  0.00000000  0.10000000  0.30000000  1.000000e-03
  0.00000000  0.10000000  0.40000000  1.000000e-03
  0.00000000  0.10000000  0.50000000  1.000000e-03
  0.00000000  0.10000000  0.60000000  1.000000e-03
  0.00000000  0.10000000  0.70000000  1.000000e-03
  0.00000000  0.10000000  0.80000000  1.000000e-03
  0.00000000  0.10000000  0.90000000  1.000000e-03
  0.00000000  0.20000000  0.00000000  1.000000e-03
  0.00000000  0.20000000  0.10000000  1.000000e-03
  0.00000000  0.20000000  0.20000000  1.000000e-03
  0.00000000  0.20000000  0.30000000  1.000000e-03
  0.00000000  0.20000000  0.40000000  1.000000e-03
  0.00000000  0.20000000  0.50000000  1.000000e-03
  0.00000000  0.20000000  0.60000000  1.000000e-03
  0.00000000  0.20000000  0.70000000  1.000000e-03
  0.00000000  0.20000000  0.80000000  1.000000e-03
  0.00000000  0.20000000  0.90000000  1.000000e-03
  0.00000000  0.30000000  0.00000000  1.000000e-03
  0.00000000  0.30000000  0.10000000  1.000000e-03
  0.00000000  0.30000000  0.20000000  1.000000e-03
  0.00000000  0.30000000  0.30000000  1.000000e-03
  0.00000000  0.30000000  0.40000000  1.000000e-03
  0.00000000  0.30000000  0.50000000  1.000000e-03
  0.00000000  0.30000000  0.60000000  1.000000e-03
  0.00000000  0.30000000  0.70000000  1.000000e-03
  0.00000000  0.30000000  0.80000000  1.000000e-03
  0.00000000  0.30000000  0.90000000  1.000000e-03
  0.00000000  0.40000000  0.00000000  1.000000e-03
  0.00000000  0.40000000  0.10000000  1.000000e-03
  0.00000000  0.40000000  0.20000000  1.000000e-03
  0.00000000  0.40000000  0.30000000  1.000000e-03
  0.00000000  0.40000000  0.40000000  1.000000e-03
  0.00000000  0.40000000  0.50000000  1.000000e-03
  0.00000000  0.40000000  0.60000000  1.000000e-03
  0.00000000  0.40000000  0.70000000  1.000000e-03
  0.00000000  0.40000000  0.80000000  1.000000e-03
  0.00000000  0.40000000  0.90000000  1.000000e-03
  0.00000000  0.50000000  0.00000000  1.000000e-03
  0.00000000  0.50000000  0.10000000  1.000000e-03
  0.00000000  0.50000000  0.20000000  1.000000e-03
  0.00000000  0.50000000  0.30000000  1.000000e-03
  0.00000000  0.50000000  0.40000000  1.000000e-03
  0.00000000  0.50000000  0.50000000  1.000000e-03
  0.00000000  0.50000000  0.60000000  1.000000e-03
  0.00000000  0.50000000  0.70000000  1.000000e-03
  0.00000000  0.50000000  0.80000000  1.000000e-03
  0.00000000  0.50000000  0.90000000  1.000000e-03
  0.00000000  0.60000000  0.00000000  1.000000e-03
  0.00000000  0.60000000  0.10000000  1.000000e-03
  0.00000000  0.60000000  0.20000000  1.000000e-03
  0.00000000  0.60000000  0.30000000  1.000000e-03
  0.00000000  0.60000000  0.40000000  1.000000e-03
  0.00000000  0.60000000  0.50000000  1.000000e-03
  0.00000000  0.60000000  0.60000000  1.000000e-03
  0.00000000  0.60000000  0.70000000  1.000000e-03
  0.00000000  0.60000000  0.80000000  1.000000e-03
  0.00000000  0.60000000  0.90000000  1.000000e-03
  0.00000000  0.70000000  0.00000000  1.000000e-03
  0.00000000  0.70000000  0.10000000  1.000000e-03
  0.00000000  0.70000000  0.20000000  1.000000e-03
  0.00000000  0.70000000  0.30000000  1.000000e-03
  0.00000000  0.70000000  0.40000000  1.000000e-03
  0.00000000  0.70000000  0.50000000  1.000000e-03
  0.00000000  0.70000000  0.60000000  1.000000e-03
  0.00000000  0.70000000  0.70000000  1.000000e-03
  0.00000000  0.70000000  0.80000000  1.000000e-03
  0.00000000  0.70000000  0.90000000  1.000000e-03
  0.00000000  0.80000000  0.00000000  1.000000e-03
  0.00000000  0.80000000  0.10000000  1.000000e-03
  0.00000000  0.80000000  0.20000000  1.000000e-03
  0.00000000  0.80000000  0.30000000  1.000000e-03
  0.00000000  0.80000000  0.40000000  1.000000e-03
  0.00000000  0.80000000  0.50000000  1.000000e-03
  0.00000000  0.80000000  0.60000000  1.000000e-03
  0.00000000  0.80000000  0.70000000  1.000000e-03
  0.00000000  0.80000000  0.80000000  1.000000e-03
  0.00000000  0.80000000  0.90000000  1.000000e-03
  0.00000000  0.90000000  0.00000000  1.000000e-03
  0.00000000  0.90000000  0.10000000  1.000000e-03
  0.00000000  0.90000000  0.20000000  1.000000e-03
  0.00000000  0.90000000  0.30000000  1.000000e-03
  0.00000000  0.90000000  0.40000000  1.000000e-03
  0.00000000  0.90000000  0.50000000  1.000000e-03
  0.00000000  0.90000000  0.60000000  1.000000e-03
  0.00000000  0.90000000  0.70000000  1.000000e-03
  0.00000000  0.90000000  0.80000000  1.000000e-03
  0.00000000  0.90000000  0.90000000  1.000000e-03
  0.10000000  0.00000000  0.00000000  1.000000e-03
  0.10000000  0.00000000  0.10000000  1.000000e-03
  0.10000000  0.00000000  0.20000000  1.000000e-03
  0.10000000  0.00000000  0.30000000  1.000000e-03
  0.10000000  0.00000000  0.40000000  1.000000e-03
  0.10000000  0.00000000  0.50000000  1.000000e-03
  0.10000000  0.00000000  0.60000000  1.000000e-03
  0.10000000  0.00000000  0.70000000  1.000000e-03
  0.10000000  0.00000000  0.80000000  1.000000e-03
  0.10000000  0.00000000  0.90000000  1.000000e-03
  0.10000000  0.10000000  0.00000000  1.000000e-03
  0.10000000  0.10000000  0.10000000  1.000000e-03
  0.10000000  0.10000000  0.20000000  1.000000e-03
  0.10000000  0.10000000  0.30000000  1.000000e-03
  0.10000000  0.10000000  0.40000000  1.000000e-03
  0.10000000  0.10000000  0.50000000  1.000000e-03
  0.10000000  0.10000000  0.60000000  1.000000e-03
  0.10000000  0.10000000  0.70000000  1.000000e-03
  0.10000000  0.10000000  0.80000000  1.000000e-03
  0.10000000  0.10000000  0.90000000  1.000000e-03
  0.10000000  0.20000000  0.00000000  1.000000e-03
  0.10000000  0.20000000  0.10000000  1.000000e-03
  0.10000000  0.20000000  0.20000000  1.000000e-03
  0.10000000  0.20000000  0.30000000  1.000000e-03
  0.10000000  0.20000000  0.40000000  1.000000e-03
  0.10000000  0.20000000  0.50000000  1.000000e-03
  0.10000000  0.20000000  0.60000000  1.000000e-03
  0.10000000  0.20000000  0.70000000  1.000000e-03
  0.10000000  0.20000000  0.80000000  1.000000e-03
  0.10000000  0.20000000  0.90000000  1.000000e-03
  0.10000000  0.30000000  0.00000000  1.000000e-03
  0.10000000  0.30000000  0.10000000  1.000000e-03
  0.10000000  0.30000000  0.20000000  1.000000e-03
  0.10000000  0.30000000  0.30000000  1.000000e-03
  0.10000000  0.30000000  0.40000000  1.000000e-03
  0.10000000  0.30000000  0.50000000  1.000000e-03
  0.10000000  0.30000000  0.60000000  1.000000e-03
  0.10000000  0.30000000  0.70000000  1.000000e-03
  0.10000000  0.30000000  0.80000000  1.000000e-03
  0.10000000  0.30000000  0.90000000  1.000000e-03
  0.10000000  0.40000000  0.00000000  1.000000e-03
  0.10000000  0.40000000  0.10000000  1.000000e-03
  0.10000000  0.40000000  0.20000000  1.000000e-03
  0.10000000  0.40000000  0.30000000  1.000000e-03
  0.10000000  0.40000000  0.40000000  1.000000e-03
  0.10000000  0.40000000  0.50000000  1.000000e-03
  0.10000000  0.40000000  0.60000000  1.000000e-03
  0.10000000  0.40000000  0.70000000  1.000000e-03
  0.10000000  0.40000000  0.80000000  1.000000e-03
  0.10000000  0.40000000  0.90000000  1.000000e-03
  0.10000000  0.50000000  0.00000000  1.000000e-03
  0.10000000  0.50000000  0.10000000  1.000000e-03
  0.10000000  0.50000000  0.20000000  1.000000e-03
  0.10000000  0.50000000  0.30000000  1.000000e-03
  0.10000000  0.50000000  0.40000000  1.000000e-03
  0.10000000  0.50000000  0.50000000  1.000000e-03
  0.10000000  0.50000000  0.60000000  1.000000e-03
  0.10000000  0.50000000  0.70000000  1.000000e-03
  0.10000000  0.50000000  0.80000000  1.000000e-03
  0.10000000  0.50000000  0.90000000  1.000000e-03
  0.10000000  0.60000000  0.00000000  1.000000e-03
  0.10000000  0.60000000  0.10000000  1.000000e-03
  0.10000000  0.60000000  0.20000000  1.000000e-03
  0.10000000  0.60000000  0.30000000  1.000000e-03
  0.10000000  0.60000000  0.40000000  1.000000e-03
  0.10000000  0.60000000  0.50000000  1.000000e-03
  0.10000000  0.60000000  0.60000000  1.000000e-03
  0.10000000  0.60000000  0.70000000  1.000000e-03
  0.10000000  0.60000000  0.80000000  1.000000e-03
  0.10000000  0.60000000  0.90000000  1.000000e-03
  0.10000000  0.70000000  0.00000000  1.000000e-03
  0.10000000  0.70000000  0.10000000  1.000000e-03
  0.10000000  0.70000000  0.20000000  1.000000e-03
  0.10000000  0.70000000  0.30000000  1.000000e-03
  0.10000000  0.70000000  0.40000000  1.000000e-03
  0.10000000  0.70000000  0.50000000  1.000000e-03
  0.10000000  0.70000000  0.60000000  1.000000e-03
  0.10000000  0.70000000  0.70000000  1.000000e-03
  0.10000000  0.70000000  0.80000000  1.000000e-03
  0.10000000  0.70000000  0.90000000  1.000000e-03
  0.10000000  0.80000000  0.00000000  1.000000e-03
  0.10000000  0.80000000  0.10000000  1.000000e-03
  0.10000000  0.80000000  0.20000000  1.000000e-03
  0.10000000  0.80000000  0.30000000  1.000000e-03
  0.10000000  0.80000000  0.40000000  1.000000e-03
  0.10000000  0.80000000  0.50000000  1.000000e-03
  0.10000000  0.80000000  0.60000000  1.000000e-03
  0.10000000  0.80000000  0.70000000  1.000000e-03
  0.10000000  0.80000000  0.80000000  1.000000e-03
  0.10000000  0.80000000  0.90000000  1.000000e-03
  0.10000000  0.90000000  0.00000000  1.000000e-03
  0.10000000  0.90000000  0.10000000  1.000000e-03
  0.10000000  0.90000000  0.20000000  1.000000e-03
  0.10000000  0.90000000  0.30000000  1.000000e-03
  0.10000000  0.90000000  0.40000000  1.000000e-03
  0.10000000  0.90000000  0.50000000  1.000000e-03
  0.10000000  0.90000000  0.60000000  1.000000e-03
  0.10000000  0.90000000  0.70000000  1.000000e-03
  0.10000000  0.90000000  0.80000000  1.000000e-03
  0.10000000  0.90000000  0.90000000  1.000000e-03
  0.20000000  0.00000000  0.00000000  1.000000e-03
  0.20000000  0.00000000  0.10000000  1.000000e-03
  0.20000000  0.00000000  0.20000000  1.000000e-03
  0.20000000  0.00000000  0.30000000  1.000000e-03
  0.20000000  0.00000000  0.40000000  1.000000e-03
  0.20000000  0.00000000  0.50000000  1.000000e-03
  0.20000000  0.00000000  0.60000000  1.000000e-03
  0.20000000  0.00000000  0.70000000  1.000000e-03
  0.20000000  0.00000000  0.80000000  1.000000e-03
  0.20000000  0.00000000  0.90000000  1.000000e-03
  0.20000000  0.10000000  0.00000000  1.000000e-03
  0.20000000  0.10000000  0.10000000  1.000000e-03
  0.20000000  0.10000000  0.20000000  1.000000e-03
  0.20000000  0.10000000  0.30000000  1.000000e-03
  0.20000000  0.10000000  0.40000000  1.000000e-03
  0.20000000  0.10000000  0.50000000  1.000000e-03
  0.20000000  0.10000000  0.60000000  1.000000e-03
  0.20000000  0.10000000  0.70000000  1.000000e-03
  0.20000000  0.10000000  0.80000000  1.000000e-03
  0.20000000  0.10000000  0.90000000  1.000000e-03
  0.20000000  0.20000000  0.00000000  1.000000e-03
  0.20000000  0.20000000  0.10000000  1.000000e-03
  0.20000000  0.20000000  0.20000000  1.000000e-03
  0.20000000  0.20000000  0.30000000  1.000000e-03
  0.20000000  0.20000000  0.40000000  1.000000e-03
  0.20000000  0.20000000  0.50000000  1.000000e-03
  0.20000000  0.20000000  0.60000000  1.000000e-03
  0.20000000  0.20000000  0.70000000  1.000000e-03
  0.20000000  0.20000000  0.80000000  1.000000e-03
  0.20000000  0.20000000  0.90000000  1.000000e-03
  0.20000000  0.30000000  0.00000000  1.000000e-03
  0.20000000  0.30000000  0.10000000  1.000000e-03
  0.20000000  0.30000000  0.20000000  1.000000e-03
  0.20000000  0.30000000  0.30000000  1.000000e-03
  0.20000000  0.30000000  0.40000000  1.000000e-03
  0.20000000  0.30000000  0.50000000  1.000000e-03
  0.20000000  0.30000000  0.60000000  1.000000e-03
  0.20000000  0.30000000  0.70000000  1.000000e-03
  0.20000000  0.30000000  0.80000000  1.000000e-03
  0.20000000  0.30000000  0.90000000  1.000000e-03
  0.20000000  0.40000000  0.00000000  1.000000e-03
  0.20000000  0.40000000  0.10000000  1.000000e-03
  0.20000000  0.40000000  0.20000000  1.000000e-03
  0.20000000  0.40000000  0.30000000  1.000000e-03
  0.20000000  0.40000000  0.40000000  1.000000e-03
  0.20000000  0.40000000  0.50000000  1.000000e-03
  0.20000000  0.40000000  0.60000000  1.000000e-03
  0.20000000  0.40000000  0.70000000  1.000000e-03
  0.20000000  0.40000000  0.80000000  1.000000e-03
  0.20000000  0.40000000  0.90000000  1.000000e-03
  0.20000000  0.50000000  0.00000000  1.000000e-03
  0.20000000  0.50000000  0.10000000  1.000000e-03
  0.20000000  0.50000000  0.20000000  1.000000e-03
  0.20000000  0.50000000  0.30000000  1.000000e-03
  0.20000000  0.50000000  0.40000000  1.000000e-03
  0.20000000  0.50000000  0.50000000  1.000000e-03
  0.20000000  0.50000000  0.60000000  1.000000e-03
  0.20000000  0.50000000  0.70000000  1.000000e-03
  0.20000000  0.50000000  0.80000000  1.000000e-03
  0.20000000  0.50000000  0.90000000  1.000000e-03
  0.20000000  0.60000000  0.00000000  1.000000e-03
  0.20000000  0.60000000  0.10000000  1.000000e-03
  0.20000000  0.60000000  0.20000000  1.000000e-03
  0.20000000  0.60000000  0.30000000  1.000000e-03
  0.20000000  0.60000000  0.40000000  1.000000e-03
  0.20000000  0.60000000  0.50000000  1.000000e-03
  0.20000000  0.60000000  0.60000000  1.000000e-03
  0.20000000  0.60000000  0.70000000  1.000000e-03
  0.20000000  0.60000000  0.80000000  1.000000e-03
  0.20000000  0.60000000  0.90000000  1.000000e-03
  0.20000000  0.70000000  0.00000000  1.000000e-03
  0.20000000  0.70000000  0.10000000  1.000000e-03
  0.20000000  0.70000000  0.20000000  1.000000e-03
  0.20000000  0.70000000  0.30000000  1.000000e-03
  0.20000000  0.70000000  0.40000000  1.000000e-03
  0.20000000  0.70000000  0.50000000  1.000000e-03
  0.20000000  0.70000000  0.60000000  1.000000e-03
  0.20000000  0.70000000  0.70000000  1.000000e-03
  0.20000000  0.70000000  0.80000000  1.000000e-03
  0.20000000  0.70000000  0.90000000  1.000000e-03
  0.20000000  0.80000000  0.00000000  1.000000e-03
  0.20000000  0.80000000  0.10000000  1.000000e-03
  0.20000000  0.80000000  0.20000000  1.000000e-03
  0.20000000  0.80000000  0.30000000  1.000000e-03
  0.20000000  0.80000000  0.40000000  1.000000e-03
  0.20000000  0.80000000  0.50000000  1.000000e-03
  0.20000000  0.80000000  0.60000000  1.000000e-03
  0.20000000  0.80000000  0.70000000  1.000000e-03
  0.20000000  0.80000000  0.80000000  1.000000e-03
  0.20000000  0.80000000  0.90000000  1.000000e-03
  0.20000000  0.90000000  0.00000000  1.000000e-03
  0.20000000  0.90000000  0.10000000  1.000000e-03
  0.20000000  0.90000000  0.20000000  1.000000e-03
  0.20000000  0.90000000  0.30000000  1.000000e-03
  0.20000000  0.90000000  0.40000000  1.000000e-03
  0.20000000  0.90000000  0.50000000  1.000000e-03
  0.20000000  0.90000000  0.60000000  1.000000e-03
  0.20000000  0.90000000  0.70000000  1.000000e-03
  0.20000000  0.90000000  0.80000000  1.000000e-03
  0.20000000  0.90000000  0.90000000  1.000000e-03
  0.30000000  0.00000000  0.00000000  1.000000e-03
  0.30000000  0.00000000  0.10000000  1.000000e-03
  0.30000000  0.00000000  0.20000000  1.000000e-03
  0.30000000  0.00000000  0.30000000  1.000000e-03
  0.30000000  0.00000000  0.40000000  1.000000e-03
  0.30000000  0.00000000  0.50000000  1.000000e-03
  0.30000000  0.00000000  0.60000000  1.000000e-03
  0.30000000  0.00000000  0.70000000  1.000000e-03
  0.30000000  0.00000000  0.80000000  1.000000e-03
  0.30000000  0.00000000  0.90000000  1.000000e-03
  0.30000000  0.10000000  0.00000000  1.000000e-03
  0.30000000  0.10000000  0.10000000  1.000000e-03
  0.30000000  0.10000000  0.20000000  1.000000e-03
  0.30000000  0.10000000  0.30000000  1.000000e-03
  0.30000000  0.10000000  0.40000000  1.000000e-03
  0.30000000  0.10000000  0.50000000  1.000000e-03
  0.30000000  0.10000000  0.60000000  1.000000e-03
  0.30000000  0.10000000  0.70000000  1.000000e-03
  0.30000000  0.10000000  0.80000000  1.000000e-03
  0.30000000  0.10000000  0.90000000  1.000000e-03
  0.30000000  0.20000000  0.00000000  1.000000e-03
  0.30000000  0.20000000  0.10000000  1.000000e-03
  0.30000000  0.20000000  0.20000000  1.000000e-03
  0.30000000  0.20000000  0.30000000  1.000000e-03
  0.30000000  0.20000000  0.40000000  1.000000e-03
  0.30000000  0.20000000  0.50000000  1.000000e-03
  0.30000000  0.20000000  0.60000000  1.000000e-03
  0.30000000  0.20000000  0.70000000  1.000000e-03
  0.30000000  0.20000000  0.80000000  1.000000e-03
  0.30000000  0.20000000  0.90000000  1.000000e-03
  0.30000000  0.30000000  0.00000000  1.000000e-03
  0.30000000  0.30000000  0.10000000  1.000000e-03
  0.30000000  0.30000000  0.20000000  1.000000e-03
  0.30000000  0.30000000  0.30000000  1.000000e-03
  0.30000000  0.30000000  0.40000000  1.000000e-03
  0.30000000  0.30000000  0.50000000  1.000000e-03
  0.30000000  0.30000000  0.60000000  1.000000e-03
  0.30000000  0.30000000  0.70000000  1.000000e-03
  0.30000000  0.30000000  0.80000000  1.000000e-03
  0.30000000  0.30000000  0.90000000  1.000000e-03
  0.30000000  0.40000000  0.00000000  1.000000e-03
  0.30000000  0.40000000  0.10000000  1.000000e-03
  0.30000000  0.40000000  0.20000000  1.000000e-03
  0.30000000  0.40000000  0.30000000  1.000000e-03
  0.30000000  0.40000000  0.40000000  1.000000e-03
  0.30000000  0.40000000  0.50000000  1.000000e-03
  0.30000000  0.40000000  0.60000000  1.000000e-03
  0.30000000  0.40000000  0.70000000  1.000000e-03
  0.30000000  0.40000000  0.80000000  1.000000e-03
  0.30000000  0.40000000  0.90000000  1.000000e-03
  0.30000000  0.50000000  0.00000000  1.000000e-03
  0.30000000  0.50000000  0.10000000  1.000000e-03
  0.30000000  0.50000000  0.20000000  1.000000e-03
  0.30000000  0.50000000  0.30000000  1.000000e-03
  0.30000000  0.50000000  0.40000000  1.000000e-03
  0.30000000  0.50000000  0.50000000  1.000000e-03
  0.30000000  0.50000000  0.60000000  1.000000e-03
  0.30000000  0.50000000  0.70000000  1.000000e-03
  0.30000000  0.50000000  0.80000000  1.000000e-03
  0.30000000  0.50000000  0.90000000  1.000000e-03
  0.30000000  0.60000000  0.00000000  1.000000e-03
  0.30000000  0.60000000  0.10000000  1.000000e-03
  0.30000000  0.60000000  0.20000000  1.000000e-03
  0.30000000  0.60000000  0.30000000  1.000000e-03
  0.30000000  0.60000000  0.40000000  1.000000e-03
  0.30000000  0.60000000  0.50000000  1.000000e-03
  0.30000000  0.60000000  0.60000000  1.000000e-03
  0.30000000  0.60000000  0.70000000  1.000000e-03
  0.30000000  0.60000000  0.80000000  1.000000e-03
  0.30000000  0.60000000  0.90000000  1.000000e-03
  0.30000000  0.70000000  0.00000000  1.000000e-03
  0.30000000  0.70000000  0.10000000  1.000000e-03
  0.30000000  0.70000000  0.20000000  1.000000e-03
  0.30000000  0.70000000  0.30000000  1.000000e-03
  0.30000000  0.70000000  0.40000000  1.000000e-03
  0.30000000  0.70000000  0.50000000  1.000000e-03
  0.30000000  0.70000000  0.60000000  1.000000e-03
  0.30000000  0.70000000  0.70000000  1.000000e-03
  0.30000000  0.70000000  0.80000000  1.000000e-03
  0.30000000  0.70000000  0.90000000  1.000000e-03
  0.30000000  0.80000000  0.00000000  1.000000e-03
  0.30000000  0.80000000  0.10000000  1.000000e-03
  0.30000000  0.80000000  0.20000000  1.000000e-03
  0.30000000  0.80000000  0.30000000  1.000000e-03
  0.30000000  0.80000000  0.40000000  1.000000e-03
  0.30000000  0.80000000  0.50000000  1.000000e-03
  0.30000000  0.80000000  0.60000000  1.000000e-03
  0.30000000  0.80000000  0.70000000  1.000000e-03
  0.30000000  0.80000000  0.80000000  1.000000e-03
  0.30000000  0.80000000  0.90000000  1.000000e-03
  0.30000000  0.90000000  0.00000000  1.000000e-03
  0.30000000  0.90000000  0.10000000  1.000000e-03
  0.30000000  0.90000000  0.20000000  1.000000e-03
  0.30000000  0.90000000  0.30000000  1.000000e-03
  0.30000000  0.90000000  0.40000000  1.000000e-03
  0.30000000  0.90000000  0.50000000  1.000000e-03
  0.30000000  0.90000000  0.60000000  1.000000e-03
  0.30000000  0.90000000  0.70000000  1.000000e-03
  0.30000000  0.90000000  0.80000000  1.000000e-03
  0.30000000  0.90000000  0.90000000  1.000000e-03
  0.40000000  0.00000000  0.00000000  1.000000e-03
  0.40000000  0.00000000  0.10000000  1.000000e-03
  0.40000000  0.00000000  0.20000000  1.000000e-03
  0.40000000  0.00000000  0.30000000  1.000000e-03
  0.40000000  0.00000000  0.40000000  1.000000e-03
  0.40000000  0.00000000  0.50000000  1.000000e-03
  0.40000000  0.00000000  0.60000000  1.000000e-03
  0.40000000  0.00000000  0.70000000  1.000000e-03
  0.40000000  0.00000000  0.80000000  1.000000e-03
  0.40000000  0.00000000  0.90000000  1.000000e-03
  0.40000000  0.10000000  0.00000000  1.000000e-03
  0.40000000  0.10000000  0.10000000  1.000000e-03
  0.40000000  0.10000000  0.20000000  1.000000e-03
  0.40000000  0.10000000  0.30000000  1.000000e-03
  0.40000000  0.10000000  0.40000000  1.000000e-03
  0.40000000  0.10000000  0.50000000  1.000000e-03
  0.40000000  0.10000000  0.60000000  1.000000e-03
  0.40000000  0.10000000  0.70000000  1.000000e-03
  0.40000000  0.10000000  0.80000000  1.000000e-03
  0.40000000  0.10000000  0.90000000  1.000000e-03
  0.40000000  0.20000000  0.00000000  1.000000e-03
  0.40000000  0.20000000  0.10000000  1.000000e-03
  0.40000000  0.20000000  0.20000000  1.000000e-03
  0.40000000  0.20000000  0.30000000  1.000000e-03
  0.40000000  0.20000000  0.40000000  1.000000e-03
  0.40000000  0.20000000  0.50000000  1.000000e-03
  0.40000000  0.20000000  0.60000000  1.000000e-03
  0.40000000  0.20000000  0.70000000  1.000000e-03
  0.40000000  0.20000000  0.80000000  1.000000e-03
  0.40000000  0.20000000  0.90000000  1.000000e-03
  0.40000000  0.30000000  0.00000000  1.000000e-03
  0.40000000  0.30000000  0.10000000  1.000000e-03
  0.40000000  0.30000000  0.20000000  1.000000e-03
  0.40000000  0.30000000  0.30000000  1.000000e-03
  0.40000000  0.30000000  0.40000000  1.000000e-03
  0.40000000  0.30000000  0.50000000  1.000000e-03
  0.40000000  0.30000000  0.60000000  1.000000e-03
  0.40000000  0.30000000  0.70000000  1.000000e-03
  0.40000000  0.30000000  0.80000000  1.000000e-03
  0.40000000  0.30000000  0.90000000  1.000000e-03
  0.40000000  0.40000000  0.00000000  1.000000e-03
  0.40000000  0.40000000  0.10000000  1.000000e-03
  0.40000000  0.40000000  0.20000000  1.000000e-03
  0.40000000  0.40000000  0.30000000  1.000000e-03
  0.40000000  0.40000000  0.40000000  1.000000e-03
  0.40000000  0.40000000  0.50000000  1.000000e-03
  0.40000000  0.40000000  0.60000000  1.000000e-03
  0.40000000  0.40000000  0.70000000  1.000000e-03
  0.40000000  0.40000000  0.80000000  1.000000e-03
  0.40000000  0.40000000  0.90000000  1.000000e-03
  0.40000000  0.50000000  0.00000000  1.000000e-03
  0.40000000  0.50000000  0.10000000  1.000000e-03
  0.40000000  0.50000000  0.20000000  1.000000e-03
  0.40000000  0.50000000  0.30000000  1.000000e-03
  0.40000000  0.50000000  0.40000000  1.000000e-03
  0.40000000  0.50000000  0.50000000  1.000000e-03
  0.40000000  0.50000000  0.60000000  1.000000e-03
  0.40000000  0.50000000  0.70000000  1.000000e-03
  0.40000000  0.50000000  0.80000000  1.000000e-03
  0.40000000  0.50000000  0.90000000  1.000000e-03
  0.40000000  0.60000000  0.00000000  1.000000e-03
  0.40000000  0.60000000  0.10000000  1.000000e-03
  0.40000000  0.60000000  0.20000000  1.000000e-03
  0.40000000  0.60000000  0.30000000  1.000000e-03
  0.40000000  0.60000000  0.40000000  1.000000e-03
  0.40000000  0.60000000  0.50000000  1.000000e-03
  0.40000000  0.60000000  0.60000000  1.000000e-03
  0.40000000  0.60000000  0.70000000  1.000000e-03
  0.40000000  0.60000000  0.80000000  1.000000e-03
  0.40000000  0.60000000  0.90000000  1.000000e-03
  0.40000000  0.70000000  0.00000000  1.000000e-03
  0.40000000  0.70000000  0.10000000  1.000000e-03
  0.40000000  0.70000000  0.20000000  1.000000e-03
  0.40000000  0.70000000  0.30000000  1.000000e-03
  0.40000000  0.70000000  0.40000000  1.000000e-03
  0.40000000  0.70000000  0.50000000  1.000000e-03
  0.40000000  0.70000000  0.60000000  1.000000e-03
  0.40000000  0.70000000  0.70000000  1.000000e-03
  0.40000000  0.70000000  0.80000000  1.000000e-03
  0.40000000  0.70000000  0.90000000  1.000000e-03
  0.40000000  0.80000000  0.00000000  1.000000e-03
  0.40000000  0.80000000  0.10000000  1.000000e-03
  0.40000000  0.80000000  0.20000000  1.000000e-03
  0.40000000  0.80000000  0.30000000  1.000000e-03
  0.40000000  0.80000000  0.40000000  1.000000e-03
  0.40000000  0.80000000  0.50000000  1.000000e-03
  0.40000000  0.80000000  0.60000000  1.000000e-03
  0.40000000  0.80000000  0.70000000  1.000000e-03
  0.40000000  0.80000000  0.80000000  1.000000e-03
  0.40000000  0.80000000  0.90000000  1.000000e-03
  0.40000000  0.90000000  0.00000000  1.000000e-03
  0.40000000  0.90000000  0.10000000  1.000000e-03
  0.40000000  0.90000000  0.20000000  1.000000e-03
  0.40000000  0.90000000  0.30000000  1.000000e-03
  0.40000000  0.90000000  0.40000000  1.000000e-03
  0.40000000  0.90000000  0.50000000  1.000000e-03
  0.40000000  0.90000000  0.60000000  1.000000e-03
  0.40000000  0.90000000  0.70000000  1.000000e-03
  0.40000000  0.90000000  0.80000000  1.000000e-03
  0.40000000  0.90000000  0.90000000  1.000000e-03
  0.50000000  0.00000000  0.00000000  1.000000e-03
  0.50000000  0.00000000  0.10000000  1.000000e-03
  0.50000000  0.00000000  0.20000000  1.000000e-03
  0.50000000  0.00000000  0.30000000  1.000000e-03
  0.50000000  0.00000000  0.40000000  1.000000e-03
  0.50000000  0.00000000  0.50000000  1.000000e-03
  0.50000000  0.00000000  0.60000000  1.000000e-03
  0.50000000  0.00000000  0.70000000  1.000000e-03
  0.50000000  0.00000000  0.80000000  1.000000e-03
  0.50000000  0.00000000  0.90000000  1.000000e-03
  0.50000000  0.10000000  0.00000000  1.000000e-03
  0.50000000  0.10000000  0.10000000  1.000000e-03
  0.50000000  0.10000000  0.20000000  1.000000e-03
  0.50000000  0.10000000  0.30000000  1.000000e-03
  0.50000000  0.10000000  0.40000000  1.000000e-03
  0.50000000  0.10000000  0.50000000  1.000000e-03
  0.50000000  0.10000000  0.60000000  1.000000e-03
  0.50000000  0.10000000  0.70000000  1.000000e-03
  0.50000000  0.10000000  0.80000000  1.000000e-03
  0.50000000  0.10000000  0.90000000  1.000000e-03
  0.50000000  0.20000000  0.00000000  1.000000e-03
  0.50000000  0.20000000  0.10000000  1.000000e-03
  0.50000000  0.20000000  0.20000000  1.000000e-03
  0.50000000  0.20000000  0.30000000  1.000000e-03
  0.50000000  0.20000000  0.40000000  1.000000e-03
  0.50000000  0.20000000  0.50000000  1.000000e-03
  0.50000000  0.20000000  0.60000000  1.000000e-03
  0.50000000  0.20000000  0.70000000  1.000000e-03
  0.50000000  0.20000000  0.80000000  1.000000e-03
  0.50000000  0.20000000  0.90000000  1.000000e-03
  0.50000000  0.30000000  0.00000000  1.000000e-03
  0.50000000  0.30000000  0.10000000  1.000000e-03
  0.50000000  0.30000000  0.20000000  1.000000e-03
  0.50000000  0.30000000  0.30000000  1.000000e-03
  0.50000000  0.30000000  0.40000000  1.000000e-03
  0.50000000  0.30000000  0.50000000  1.000000e-03
  0.50000000  0.30000000  0.60000000  1.000000e-03
  0.50000000  0.30000000  0.70000000  1.000000e-03
  0.50000000  0.30000000  0.80000000  1.000000e-03
  0.50000000  0.30000000  0.90000000  1.000000e-03
  0.50000000  0.40000000  0.00000000  1.000000e-03
  0.50000000  0.40000000  0.10000000  1.000000e-03
  0.50000000  0.40000000  0.20000000  1.000000e-03
  0.50000000  0.40000000  0.30000000  1.000000e-03
  0.50000000  0.40000000  0.40000000  1.000000e-03
  0.50000000  0.40000000  0.50000000  1.000000e-03
  0.50000000  0.40000000  0.60000000  1.000000e-03
  0.50000000  0.40000000  0.70000000  1.000000e-03
  0.50000000  0.40000000  0.80000000  1.000000e-03
  0.50000000  0.40000000  0.90000000  1.000000e-03
  0.50000000  0.50000000  0.00000000  1.000000e-03
  0.50000000  0.50000000  0.10000000  1.000000e-03
  0.50000000  0.50000000  0.20000000  1.000000e-03
  0.50000000  0.50000000  0.30000000  1.000000e-03
  0.50000000  0.50000000  0.40000000  1.000000e-03
  0.50000000  0.50000000  0.50000000  1.000000e-03
  0.50000000  0.50000000  0.60000000  1.000000e-03
  0.50000000  0.50000000  0.70000000  1.000000e-03
  0.50000000  0.50000000  0.80000000  1.000000e-03
  0.50000000  0.50000000  0.90000000  1.000000e-03
  0.50000000  0.60000000  0.00000000  1.000000e-03
  0.50000000  0.60000000  0.10000000  1.000000e-03
  0.50000000  0.60000000  0.20000000  1.000000e-03
  0.50000000  0.60000000  0.30000000  1.000000e-03
  0.50000000  0.60000000  0.40000000  1.000000e-03
  0.50000000  0.60000000  0.50000000  1.000000e-03
  0.50000000  0.60000000  0.60000000  1.000000e-03
  0.50000000  0.60000000  0.70000000  1.000000e-03
  0.50000000  0.60000000  0.80000000  1.000000e-03
  0.50000000  0.60000000  0.90000000  1.000000e-03
  0.50000000  0.70000000  0.00000000  1.000000e-03
  0.50000000  0.70000000  0.10000000  1.000000e-03
  0.50000000  0.70000000  0.20000000  1.000000e-03
  0.50000000  0.70000000  0.30000000  1.000000e-03
  0.50000000  0.70000000  0.40000000  1.000000e-03
  0.50000000  0.70000000  0.50000000  1.000000e-03
  0.50000000  0.70000000  0.60000000  1.000000e-03
  0.50000000  0.70000000  0.70000000  1.000000e-03
  0.50000000  0.70000000  0.80000000  1.000000e-03
  0.50000000  0.70000000  0.90000000  1.000000e-03
  0.50000000  0.80000000  0.00000000  1.000000e-03
  0.50000000  0.80000000  0.10000000  1.000000e-03
  0.50000000  0.80000000  0.20000000  1.000000e-03
  0.50000000  0.80000000  0.30000000  1.000000e-03
  0.50000000  0.80000000  0.40000000  1.000000e-03
  0.50000000  0.80000000  0.50000000  1.000000e-03
  0.50000000  0.80000000  0.60000000  1.000000e-03
  0.50000000  0.80000000  0.70000000  1.000000e-03
  0.50000000  0.80000000  0.80000000  1.000000e-03
  0.50000000  0.80000000  0.90000000  1.000000e-03
  0.50000000  0.90000000  0.00000000  1.000000e-03
  0.50000000  0.90000000  0.10000000  1.000000e-03
  0.50000000  0.90000000  0.20000000  1.000000e-03
  0.50000000  0.90000000  0.30000000  1.000000e-03
  0.50000000  0.90000000  0.40000000  1.000000e-03
  0.50000000  0.90000000  0.50000000  1.000000e-03
  0.50000000  0.90000000  0.60000000  1.000000e-03
  0.50000000  0.90000000  0.70000000  1.000000e-03
  0.50000000  0.90000000  0.80000000  1.000000e-03
  0.50000000  0.90000000  0.90000000  1.000000e-03
  0.60000000  0.00000000  0.00000000  1.000000e-03
  0.60000000  0.00000000  0.10000000  1.000000e-03
  0.60000000  0.00000000  0.20000000  1.000000e-03
  0.60000000  0.00000000  0.30000000  1.000000e-03
  0.60000000  0.00000000  0.40000000  1.000000e-03
  0.60000000  0.00000000  0.50000000  1.000000e-03
  0.60000000  0.00000000  0.60000000  1.000000e-03
  0.60000000  0.00000000  0.70000000  1.000000e-03
  0.60000000  0.00000000  0.80000000  1.000000e-03
  0.60000000  0.00000000  0.90000000  1.000000e-03
  0.60000000  0.10000000  0.00000000  1.000000e-03
  0.60000000  0.10000000  0.10000000  1.000000e-03
  0.60000000  0.10000000  0.20000000  1.000000e-03
  0.60000000  0.10000000  0.30000000  1.000000e-03
  0.60000000  0.10000000  0.40000000  1.000000e-03
  0.60000000  0.10000000  0.50000000  1.000000e-03
  0.60000000  0.10000000  0.60000000  1.000000e-03
  0.60000000  0.10000000  0.70000000  1.000000e-03
  0.60000000  0.10000000  0.80000000  1.000000e-03
  0.60000000  0.10000000  0.90000000  1.000000e-03
  0.60000000  0.20000000  0.00000000  1.000000e-03
  0.60000000  0.20000000  0.10000000  1.000000e-03
  0.60000000  0.20000000  0.20000000  1.000000e-03
  0.60000000  0.20000000  0.30000000  1.000000e-03
  0.60000000  0.20000000  0.40000000  1.000000e-03
  0.60000000  0.20000000  0.50000000  1.000000e-03
  0.60000000  0.20000000  0.60000000  1.000000e-03
  0.60000000  0.20000000  0.70000000  1.000000e-03
  0.60000000  0.20000000  0.80000000  1.000000e-03
  0.60000000  0.20000000  0.90000000  1.000000e-03
  0.60000000  0.30000000  0.00000000  1.000000e-03
  0.60000000  0.30000000  0.10000000  1.000000e-03
  0.60000000  0.30000000  0.20000000  1.000000e-03
  0.60000000  0.30000000  0.30000000  1.000000e-03
  0.60000000  0.30000000  0.40000000  1.000000e-03
  0.60000000  0.30000000  0.50000000  1.000000e-03
  0.60000000  0.30000000  0.60000000  1.000000e-03
  0.60000000  0.30000000  0.70000000  1.000000e-03
  0.60000000  0.30000000  0.80000000  1.000000e-03
  0.60000000  0.30000000  0.90000000  1.000000e-03
  0.60000000  0.40000000  0.00000000  1.000000e-03
  0.60000000  0.40000000  0.10000000  1.000000e-03
  0.60000000  0.40000000  0.20000000  1.000000e-03
  0.60000000  0.40000000  0.30000000  1.000000e-03
  0.60000000  0.40000000  0.40000000  1.000000e-03
  0.60000000  0.40000000  0.50000000  1.000000e-03
  0.60000000  0.40000000  0.60000000  1.000000e-03
  0.60000000  0.40000000  0.70000000  1.000000e-03
  0.60000000  0.40000000  0.80000000  1.000000e-03
  0.60000000  0.40000000  0.90000000  1.000000e-03
  0.60000000  0.50000000  0.00000000  1.000000e-03
  0.60000000  0.50000000  0.10000000  1.000000e-03
  0.60000000  0.50000000  0.20000000  1.000000e-03
  0.60000000  0.50000000  0.30000000  1.000000e-03
  0.60000000  0.50000000  0.40000000  1.000000e-03
  0.60000000  0.50000000  0.50000000  1.000000e-03
  0.60000000  0.50000000  0.60000000  1.000000e-03
  0.60000000  0.50000000  0.70000000  1.000000e-03
  0.60000000  0.50000000  0.80000000  1.000000e-03
  0.60000000  0.50000000  0.90000000  1.000000e-03
  0.60000000  0.60000000  0.00000000  1.000000e-03
  0.60000000  0.60000000  0.10000000  1.000000e-03
  0.60000000  0.60000000  0.20000000  1.000000e-03
  0.60000000  0.60000000  0.30000000  1.000000e-03
  0.60000000  0.60000000  0.40000000  1.000000e-03
  0.60000000  0.60000000  0.50000000  1.000000e-03
  0.60000000  0.60000000  0.60000000  1.000000e-03
  0.60000000  0.60000000  0.70000000  1.000000e-03
  0.60000000  0.60000000  0.80000000  1.000000e-03
  0.60000000  0.60000000  0.90000000  1.000000e-03
  0.60000000  0.70000000  0.00000000  1.000000e-03
  0.60000000  0.70000000  0.10000000  1.000000e-03
  0.60000000  0.70000000  0.20000000  1.000000e-03
  0.60000000  0.70000000  0.30000000  1.000000e-03
  0.60000000  0.70000000  0.40000000  1.000000e-03
  0.60000000  0.70000000  0.50000000  1.000000e-03
  0.60000000  0.70000000  0.60000000  1.000000e-03
  0.60000000  0.70000000  0.70000000  1.000000e-03
  0.60000000  0.70000000  0.80000000  1.000000e-03
  0.60000000  0.70000000  0.90000000  1.000000e-03
  0.60000000  0.80000000  0.00000000  1.000000e-03
  0.60000000  0.80000000  0.10000000  1.000000e-03
  0.60000000  0.80000000  0.20000000  1.000000e-03
  0.60000000  0.80000000  0.30000000  1.000000e-03
  0.60000000  0.80000000  0.40000000  1.000000e-03
  0.60000000  0.80000000  0.50000000  1.000000e-03
  0.60000000  0.80000000  0.60000000  1.000000e-03
  0.60000000  0.80000000  0.70000000  1.000000e-03
  0.60000000  0.80000000  0.80000000  1.000000e-03
  0.60000000  0.80000000  0.90000000  1.000000e-03
  0.60000000  0.90000000  0.00000000  1.000000e-03
  0.60000000  0.90000000  0.10000000  1.000000e-03
  0.60000000  0.90000000  0.20000000  1.000000e-03
  0.60000000  0.90000000  0.30000000  1.000000e-03
  0.60000000  0.90000000  0.40000000  1.000000e-03
  0.60000000  0.90000000  0.50000000  1.000000e-03
  0.60000000  0.90000000  0.60000000  1.000000e-03
  0.60000000  0.90000000  0.70000000  1.000000e-03
  0.60000000  0.90000000  0.80000000  1.000000e-03
  0.60000000  0.90000000  0.90000000  1.000000e-03
  0.70000000  0.00000000  0.00000000  1.000000e-03
  0.70000000  0.00000000  0.10000000  1.000000e-03
  0.70000000  0.00000000  0.20000000  1.000000e-03
  0.70000000  0.00000000  0.30000000  1.000000e-03
  0.70000000  0.00000000  0.40000000  1.000000e-03
  0.70000000  0.00000000  0.50000000  1.000000e-03
  0.70000000  0.00000000  0.60000000  1.000000e-03
  0.70000000  0.00000000  0.70000000  1.000000e-03
  0.70000000  0.00000000  0.80000000  1.000000e-03
  0.70000000  0.00000000  0.90000000  1.000000e-03
  0.70000000  0.10000000  0.00000000  1.000000e-03
  0.70000000  0.10000000  0.10000000  1.000000e-03
  0.70000000  0.10000000  0.20000000  1.000000e-03
  0.70000000  0.10000000  0.30000000  1.000000e-03
  0.70000000  0.10000000  0.40000000  1.000000e-03
  0.70000000  0.10000000  0.50000000  1.000000e-03
  0.70000000  0.10000000  0.60000000  1.000000e-03
  0.70000000  0.10000000  0.70000000  1.000000e-03
  0.70000000  0.10000000  0.80000000  1.000000e-03
  0.70000000  0.10000000  0.90000000  1.000000e-03
  0.70000000  0.20000000  0.00000000  1.000000e-03
  0.70000000  0.20000000  0.10000000  1.000000e-03
  0.70000000  0.20000000  0.20000000  1.000000e-03
  0.70000000  0.20000000  0.30000000  1.000000e-03
  0.70000000  0.20000000  0.40000000  1.000000e-03
  0.70000000  0.20000000  0.50000000  1.000000e-03
  0.70000000  0.20000000  0.60000000  1.000000e-03
  0.70000000  0.20000000  0.70000000  1.000000e-03
  0.70000000  0.20000000  0.80000000  1.000000e-03
  0.70000000  0.20000000  0.90000000  1.000000e-03
  0.70000000  0.30000000  0.00000000  1.000000e-03
  0.70000000  0.30000000  0.10000000  1.000000e-03
  0.70000000  0.30000000  0.20000000  1.000000e-03
  0.70000000  0.30000000  0.30000000  1.000000e-03
  0.70000000  0.30000000  0.40000000  1.000000e-03
  0.70000000  0.30000000  0.50000000  1.000000e-03
  0.70000000  0.30000000  0.60000000  1.000000e-03
  0.70000000  0.30000000  0.70000000  1.000000e-03
  0.70000000  0.30000000  0.80000000  1.000000e-03
  0.70000000  0.30000000  0.90000000  1.000000e-03
  0.70000000  0.40000000  0.00000000  1.000000e-03
  0.70000000  0.40000000  0.10000000  1.000000e-03
  0.70000000  0.40000000  0.20000000  1.000000e-03
  0.70000000  0.40000000  0.30000000  1.000000e-03
  0.70000000  0.40000000  0.40000000  1.000000e-03
  0.70000000  0.40000000  0.50000000  1.000000e-03
  0.70000000  0.40000000  0.60000000  1.000000e-03
  0.70000000  0.40000000  0.70000000  1.000000e-03
  0.70000000  0.40000000  0.80000000  1.000000e-03
  0.70000000  0.40000000  0.90000000  1.000000e-03
  0.70000000  0.50000000  0.00000000  1.000000e-03
  0.70000000  0.50000000  0.10000000  1.000000e-03
  0.70000000  0.50000000  0.20000000  1.000000e-03
  0.70000000  0.50000000  0.30000000  1.000000e-03
  0.70000000  0.50000000  0.40000000  1.000000e-03
  0.70000000  0.50000000  0.50000000  1.000000e-03
  0.70000000  0.50000000  0.60000000  1.000000e-03
  0.70000000  0.50000000  0.70000000  1.000000e-03
  0.70000000  0.50000000  0.80000000  1.000000e-03
  0.70000000  0.50000000  0.90000000  1.000000e-03
  0.70000000  0.60000000  0.00000000  1.000000e-03
  0.70000000  0.60000000  0.10000000  1.000000e-03
  0.70000000  0.60000000  0.20000000  1.000000e-03
  0.70000000  0.60000000  0.30000000  1.000000e-03
  0.70000000  0.60000000  0.40000000  1.000000e-03
  0.70000000  0.60000000  0.50000000  1.000000e-03
  0.70000000  0.60000000  0.60000000  1.000000e-03
  0.70000000  0.60000000  0.70000000  1.000000e-03
  0.70000000  0.60000000  0.80000000  1.000000e-03
  0.70000000  0.60000000  0.90000000  1.000000e-03
  0.70000000  0.70000000  0.00000000  1.000000e-03
  0.70000000  0.70000000  0.10000000  1.000000e-03
  0.70000000  0.70000000  0.20000000  1.000000e-03
  0.70000000  0.70000000  0.30000000  1.000000e-03
  0.70000000  0.70000000  0.40000000  1.000000e-03
  0.70000000  0.70000000  0.50000000  1.000000e-03
  0.70000000  0.70000000  0.60000000  1.000000e-03
  0.70000000  0.70000000  0.70000000  1.000000e-03
  0.70000000  0.70000000  0.80000000  1.000000e-03
  0.70000000  0.70000000  0.90000000  1.000000e-03
  0.70000000  0.80000000  0.00000000  1.000000e-03
  0.70000000  0.80000000  0.10000000  1.000000e-03
  0.70000000  0.80000000  0.20000000  1.000000e-03
  0.70000000  0.80000000  0.30000000  1.000000e-03
  0.70000000  0.80000000  0.40000000  1.000000e-03
  0.70000000  0.80000000  0.50000000  1.000000e-03
  0.70000000  0.80000000  0.60000000  1.000000e-03
  0.70000000  0.80000000  0.70000000  1.000000e-03
  0.70000000  0.80000000  0.80000000  1.000000e-03
  0.70000000  0.80000000  0.90000000  1.000000e-03
  0.70000000  0.90000000  0.00000000  1.000000e-03
  0.70000000  0.90000000  0.10000000  1.000000e-03
  0.70000000  0.90000000  0.20000000  1.000000e-03
  0.70000000  0.90000000  0.30000000  1.000000e-03
  0.70000000  0.90000000  0.40000000  1.000000e-03
  0.70000000  0.90000000  0.50000000  1.000000e-03
  0.70000000  0.90000000  0.60000000  1.000000e-03
  0.70000000  0.90000000  0.70000000  1.000000e-03
  0.70000000  0.90000000  0.80000000  1.000000e-03
  0.70000000  0.90000000  0.90000000  1.000000e-03
  0.80000000  0.00000000  0.00000000  1.000000e-03
  0.80000000  0.00000000  0.10000000  1.000000e-03
  0.80000000  0.00000000  0.20000000  1.000000e-03
  0.80000000  0.00000000  0.30000000  1.000000e-03
  0.80000000  0.00000000  0.40000000  1.000000e-03
  0.80000000  0.00000000  0.50000000  1.000000e-03
  0.80000000  0.00000000  0.60000000  1.000000e-03
  0.80000000  0.00000000  0.70000000  1.000000e-03
  0.80000000  0.00000000  0.80000000  1.000000e-03
  0.80000000  0.00000000  0.90000000  1.000000e-03
  0.80000000  0.10000000  0.00000000  1.000000e-03
  0.80000000  0.10000000  0.10000000  1.000000e-03
  0.80000000  0.10000000  0.20000000  1.000000e-03
  0.80000000  0.10000000  0.30000000  1.000000e-03
  0.80000000  0.10000000  0.40000000  1.000000e-03
  0.80000000  0.10000000  0.50000000  1.000000e-03
  0.80000000  0.10000000  0.60000000  1.000000e-03
  0.80000000  0.10000000  0.70000000  1.000000e-03
  0.80000000  0.10000000  0.80000000  1.000000e-03
  0.80000000  0.10000000  0.90000000  1.000000e-03
  0.80000000  0.20000000  0.00000000  1.000000e-03
  0.80000000  0.20000000  0.10000000  1.000000e-03
  0.80000000  0.20000000  0.20000000  1.000000e-03
  0.80000000  0.20000000  0.30000000  1.000000e-03
  0.80000000  0.20000000  0.40000000  1.000000e-03
  0.80000000  0.20000000  0.50000000  1.000000e-03
  0.80000000  0.20000000  0.60000000  1.000000e-03
  0.80000000  0.20000000  0.70000000  1.000000e-03
  0.80000000  0.20000000  0.80000000  1.000000e-03
  0.80000000  0.20000000  0.90000000  1.000000e-03
  0.80000000  0.30000000  0.00000000  1.000000e-03
  0.80000000  0.30000000  0.10000000  1.000000e-03
  0.80000000  0.30000000  0.20000000  1.000000e-03
  0.80000000  0.30000000  0.30000000  1.000000e-03
  0.80000000  0.30000000  0.40000000  1.000000e-03
  0.80000000  0.30000000  0.50000000  1.000000e-03
  0.80000000  0.30000000  0.60000000  1.000000e-03
  0.80000000  0.30000000  0.70000000  1.000000e-03
  0.80000000  0.30000000  0.80000000  1.000000e-03
  0.80000000  0.30000000  0.90000000  1.000000e-03
  0.80000000  0.40000000  0.00000000  1.000000e-03
  0.80000000  0.40000000  0.10000000  1.000000e-03
  0.80000000  0.40000000  0.20000000  1.000000e-03
  0.80000000  0.40000000  0.30000000  1.000000e-03
  0.80000000  0.40000000  0.40000000  1.000000e-03
  0.80000000  0.40000000  0.50000000  1.000000e-03
  0.80000000  0.40000000  0.60000000  1.000000e-03
  0.80000000  0.40000000  0.70000000  1.000000e-03
  0.80000000  0.40000000  0.80000000  1.000000e-03
  0.80000000  0.40000000  0.90000000  1.000000e-03
  0.80000000  0.50000000  0.00000000  1.000000e-03
  0.80000000  0.50000000  0.10000000  1.000000e-03
  0.80000000  0.50000000  0.20000000  1.000000e-03
  0.80000000  0.50000000  0.30000000  1.000000e-03
  0.80000000  0.50000000  0.40000000  1.000000e-03
  0.80000000  0.50000000  0.50000000  1.000000e-03
  0.80000000  0.50000000  0.60000000  1.000000e-03
  0.80000000  0.50000000  0.70000000  1.000000e-03
  0.80000000  0.50000000  0.80000000  1.000000e-03
  0.80000000  0.50000000  0.90000000  1.000000e-03
  0.80000000  0.60000000  0.00000000  1.000000e-03
  0.80000000  0.60000000  0.10000000  1.000000e-03
  0.80000000  0.60000000  0.20000000  1.000000e-03
  0.80000000  0.60000000  0.30000000  1.000000e-03
  0.80000000  0.60000000  0.40000000  1.000000e-03
  0.80000000  0.60000000  0.50000000  1.000000e-03
  0.80000000  0.60000000  0.60000000  1.000000e-03
  0.80000000  0.60000000  0.70000000  1.000000e-03
  0.80000000  0.60000000  0.80000000  1.000000e-03
  0.80000000  0.60000000  0.90000000  1.000000e-03
  0.80000000  0.70000000  0.00000000  1.000000e-03
  0.80000000  0.70000000  0.10000000  1.000000e-03
  0.80000000  0.70000000  0.20000000  1.000000e-03
  0.80000000  0.70000000  0.30000000  1.000000e-03
  0.80000000  0.70000000  0.40000000  1.000000e-03
  0.80000000  0.70000000  0.50000000  1.000000e-03
  0.80000000  0.70000000  0.60000000  1.000000e-03
  0.80000000  0.70000000  0.70000000  1.000000e-03
  0.80000000  0.70000000  0.80000000  1.000000e-03
  0.80000000  0.70000000  0.90000000  1.000000e-03
  0.80000000  0.80000000  0.00000000  1.000000e-03
  0.80000000  0.80000000  0.10000000  1.000000e-03
  0.80000000  0.80000000  0.20000000  1.000000e-03
  0.80000000  0.80000000  0.30000000  1.000000e-03
  0.80000000  0.80000000  0.40000000  1.000000e-03
  0.80000000  0.80000000  0.50000000  1.000000e-03
  0.80000000  0.80000000  0.60000000  1.000000e-03
  0.80000000  0.80000000  0.70000000  1.000000e-03
  0.80000000  0.80000000  0.80000000  1.000000e-03
  0.80000000  0.80000000  0.90000000  1.000000e-03
  0.80000000  0.90000000  0.00000000  1.000000e-03
  0.80000000  0.90000000  0.10000000  1.000000e-03
  0.80000000  0.90000000  0.20000000  1.000000e-03
  0.80000000  0.90000000  0.30000000  1.000000e-03
  0.80000000  0.90000000  0.40000000  1.000000e-03
  0.80000000  0.90000000  0.50000000  1.000000e-03
  0.80000000  0.90000000  0.60000000  1.000000e-03
  0.80000000  0.90000000  0.70000000  1.000000e-03
  0.80000000  0.90000000  0.80000000  1.000000e-03
  0.80000000  0.90000000  0.90000000  1.000000e-03
  0.90000000  0.00000000  0.00000000  1.000000e-03
  0.90000000  0.00000000  0.10000000  1.000000e-03
  0.90000000  0.00000000  0.20000000  1.000000e-03
  0.90000000  0.00000000  0.30000000  1.000000e-03
  0.90000000  0.00000000  0.40000000  1.000000e-03
  0.90000000  0.00000000  0.50000000  1.000000e-03
  0.90000000  0.00000000  0.60000000  1.000000e-03
  0.90000000  0.00000000  0.70000000  1.000000e-03
  0.90000000  0.00000000  0.80000000  1.000000e-03
  0.90000000  0.00000000  0.90000000  1.000000e-03
  0.90000000  0.10000000  0.00000000  1.000000e-03
  0.90000000  0.10000000  0.10000000  1.000000e-03
  0.90000000  0.10000000  0.20000000  1.000000e-03
  0.90000000  0.10000000  0.30000000  1.000000e-03
  0.90000000  0.10000000  0.40000000  1.000000e-03
  0.90000000  0.10000000  0.50000000  1.000000e-03
  0.90000000  0.10000000  0.60000000  1.000000e-03
  0.90000000  0.10000000  0.70000000  1.000000e-03
  0.90000000  0.10000000  0.80000000  1.000000e-03
  0.90000000  0.10000000  0.90000000  1.000000e-03
  0.90000000  0.20000000  0.00000000  1.000000e-03
  0.90000000  0.20000000  0.10000000  1.000000e-03
  0.90000000  0.20000000  0.20000000  1.000000e-03
  0.90000000  0.20000000  0.30000000  1.000000e-03
  0.90000000  0.20000000  0.40000000  1.000000e-03
  0.90000000  0.20000000  0.50000000  1.000000e-03
  0.90000000  0.20000000  0.60000000  1.000000e-03
  0.90000000  0.20000000  0.70000000  1.000000e-03
  0.90000000  0.20000000  0.80000000  1.000000e-03
  0.90000000  0.20000000  0.90000000  1.000000e-03
  0.90000000  0.30000000  0.00000000  1.000000e-03
  0.90000000  0.30000000  0.10000000  1.000000e-03
  0.90000000  0.30000000  0.20000000  1.000000e-03
  0.90000000  0.30000000  0.30000000  1.000000e-03
  0.90000000  0.30000000  0.40000000  1.000000e-03
  0.90000000  0.30000000  0.50000000  1.000000e-03
  0.90000000  0.30000000  0.60000000  1.000000e-03
  0.90000000  0.30000000  0.70000000  1.000000e-03
  0.90000000  0.30000000  0.80000000  1.000000e-03
  0.90000000  0.30000000  0.90000000  1.000000e-03
  0.90000000  0.40000000  0.00000000  1.000000e-03
  0.90000000  0.40000000  0.10000000  1.000000e-03
  0.90000000  0.40000000  0.20000000  1.000000e-03
  0.90000000  0.40000000  0.30000000  1.000000e-03
  0.90000000  0.40000000  0.40000000  1.000000e-03
  0.90000000  0.40000000  0.50000000  1.000000e-03
  0.90000000  0.40000000  0.60000000  1.000000e-03
  0.90000000  0.40000000  0.70000000  1.000000e-03
  0.90000000  0.40000000  0.80000000  1.000000e-03
  0.90000000  0.40000000  0.90000000  1.000000e-03
  0.90000000  0.50000000  0.00000000  1.000000e-03
  0.90000000  0.50000000  0.10000000  1.000000e-03
  0.90000000  0.50000000  0.20000000  1.000000e-03
  0.90000000  0.50000000  0.30000000  1.000000e-03
  0.90000000  0.50000000  0.40000000  1.000000e-03
  0.90000000  0.50000000  0.50000000  1.000000e-03
  0.90000000  0.50000000  0.60000000  1.000000e-03
  0.90000000  0.50000000  0.70000000  1.000000e-03
  0.90000000  0.50000000  0.80000000  1.000000e-03
  0.90000000  0.50000000  0.90000000  1.000000e-03
  0.90000000  0.60000000  0.00000000  1.000000e-03
  0.90000000  0.60000000  0.10000000  1.000000e-03
  0.90000000  0.60000000  0.20000000  1.000000e-03
  0.90000000  0.60000000  0.30000000  1.000000e-03
  0.90000000  0.60000000  0.40000000  1.000000e-03
  0.90000000  0.60000000  0.50000000  1.000000e-03
  0.90000000  0.60000000  0.60000000  1.000000e-03
  0.90000000  0.60000000  0.70000000  1.000000e-03
  0.90000000  0.60000000  0.80000000  1.000000e-03
  0.90000000  0.60000000  0.90000000  1.000000e-03
  0.90000000  0.70000000  0.00000000  1.000000e-03
  0.90000000  0.70000000  0.10000000  1.000000e-03
  0.90000000  0.70000000  0.20000000  1.000000e-03
  0.90000000  0.70000000  0.30000000  1.000000e-03
  0.90000000  0.70000000  0.40000000  1.000000e-03
  0.90000000  0.70000000  0.50000000  1.000000e-03
  0.90000000  0.70000000  0.60000000  1.000000e-03
  0.90000000  0.70000000  0.70000000  1.000000e-03
  0.90000000  0.70000000  0.80000000  1.000000e-03
  0.90000000  0.70000000  0.90000000  1.000000e-03
  0.90000000  0.80000000  0.00000000  1.000000e-03
  0.90000000  0.80000000  0.10000000  1.000000e-03
  0.90000000  0.80000000  0.20000000  1.000000e-03
  0.90000000  0.80000000  0.30000000  1.000000e-03
  0.90000000  0.80000000  0.40000000  1.000000e-03
  0.90000000  0.80000000  0.50000000  1.000000e-03
  0.90000000  0.80000000  0.60000000  1.000000e-03
  0.90000000  0.80000000  0.70000000  1.000000e-03
  0.90000000  0.80000000  0.80000000  1.000000e-03
  0.90000000  0.80000000  0.90000000  1.000000e-03
  0.90000000  0.90000000  0.00000000  1.000000e-03
  0.90000000  0.90000000  0.10000000  1.000000e-03
  0.90000000  0.90000000  0.20000000  1.000000e-03
  0.90000000  0.90000000  0.30000000  1.000000e-03
  0.90000000  0.90000000  0.40000000  1.000000e-03
  0.90000000  0.90000000  0.50000000  1.000000e-03
  0.90000000  0.90000000  0.60000000  1.000000e-03
  0.90000000  0.90000000  0.70000000  1.000000e-03
  0.90000000  0.90000000  0.80000000  1.000000e-03
  0.90000000  0.90000000  0.90000000  1.000000e-03
