&CONTROL
  calculation   = 'bands'
  prefix        = 'gaas'
  outdir        = './tmp_bands'
  pseudo_dir    = '/home/haney411/wrk/qe/SSSP_1.3.0_PBE_efficiency'
  verbosity     = 'high'
/

&SYSTEM
  ibrav         = 2
  celldm(1)     = 10.684        ! experimental a = 5.6537 A (Ponce et al. PRB 2021, Table I)
  nat           = 2
  ntyp          = 2
  ecutwfc       = 70.0          ! Ga PAW (3d in valence) header: 60 Ry
  ecutrho       = 560.0         ! 8x for PAW/USPP
  nbnd          = 24            
/

&ELECTRONS
  conv_thr        = 1.0d-11
  diago_full_acc  = .true.
/

ATOMIC_SPECIES
  Ga  69.723  Ga.pbe-dn-kjpaw_psl.1.0.0.UPF
  As  74.922  As.pbe-n-rrkjus_psl.0.2.UPF

ATOMIC_POSITIONS {crystal}
  Ga   0.00   0.00   0.00
  As  -0.25   0.75  -0.25

K_POINTS crystal
199
  0.50000000 0.50000000 0.50000000 1.0
  0.49038462 0.49038462 0.49038462 1.0
  0.48076923 0.48076923 0.48076923 1.0
  0.47115385 0.47115385 0.47115385 1.0
  0.46153846 0.46153846 0.46153846 1.0
  0.45192308 0.45192308 0.45192308 1.0
  0.44230769 0.44230769 0.44230769 1.0
  0.43269231 0.43269231 0.43269231 1.0
  0.42307692 0.42307692 0.42307692 1.0
  0.41346154 0.41346154 0.41346154 1.0
  0.40384615 0.40384615 0.40384615 1.0
  0.39423077 0.39423077 0.39423077 1.0
  0.38461538 0.38461538 0.38461538 1.0
  0.37500000 0.37500000 0.37500000 1.0
  0.36538462 0.36538462 0.36538462 1.0
  0.35576923 0.35576923 0.35576923 1.0
  0.34615385 0.34615385 0.34615385 1.0
  0.33653846 0.33653846 0.33653846 1.0
  0.32692308 0.32692308 0.32692308 1.0
  0.31730769 0.31730769 0.31730769 1.0
  0.30769231 0.30769231 0.30769231 1.0
  0.29807692 0.29807692 0.29807692 1.0
  0.28846154 0.28846154 0.28846154 1.0
  0.27884615 0.27884615 0.27884615 1.0
  0.26923077 0.26923077 0.26923077 1.0
  0.25961538 0.25961538 0.25961538 1.0
  0.25000000 0.25000000 0.25000000 1.0
  0.24038462 0.24038462 0.24038462 1.0
  0.23076923 0.23076923 0.23076923 1.0
  0.22115385 0.22115385 0.22115385 1.0
  0.21153846 0.21153846 0.21153846 1.0
  0.20192308 0.20192308 0.20192308 1.0
  0.19230769 0.19230769 0.19230769 1.0
  0.18269231 0.18269231 0.18269231 1.0
  0.17307692 0.17307692 0.17307692 1.0
  0.16346154 0.16346154 0.16346154 1.0
  0.15384615 0.15384615 0.15384615 1.0
  0.14423077 0.14423077 0.14423077 1.0
  0.13461538 0.13461538 0.13461538 1.0
  0.12500000 0.12500000 0.12500000 1.0
  0.11538462 0.11538462 0.11538462 1.0
  0.10576923 0.10576923 0.10576923 1.0
  0.09615385 0.09615385 0.09615385 1.0
  0.08653846 0.08653846 0.08653846 1.0
  0.07692308 0.07692308 0.07692308 1.0
  0.06730769 0.06730769 0.06730769 1.0
  0.05769231 0.05769231 0.05769231 1.0
  0.04807692 0.04807692 0.04807692 1.0
  0.03846154 0.03846154 0.03846154 1.0
  0.02884615 0.02884615 0.02884615 1.0
  0.01923077 0.01923077 0.01923077 1.0
  0.00961538 0.00961538 0.00961538 1.0
  0.00000000 0.00000000 0.00000000 1.0
  0.00833333 0.00000000 0.00833333 1.0
  0.01666667 0.00000000 0.01666667 1.0
  0.02500000 0.00000000 0.02500000 1.0
  0.03333333 0.00000000 0.03333333 1.0
  0.04166667 0.00000000 0.04166667 1.0
  0.05000000 0.00000000 0.05000000 1.0
  0.05833333 0.00000000 0.05833333 1.0
  0.06666667 0.00000000 0.06666667 1.0
  0.07500000 0.00000000 0.07500000 1.0
  0.08333333 0.00000000 0.08333333 1.0
  0.09166667 0.00000000 0.09166667 1.0
  0.10000000 0.00000000 0.10000000 1.0
  0.10833333 0.00000000 0.10833333 1.0
  0.11666667 0.00000000 0.11666667 1.0
  0.12500000 0.00000000 0.12500000 1.0
  0.13333333 0.00000000 0.13333333 1.0
  0.14166667 0.00000000 0.14166667 1.0
  0.15000000 0.00000000 0.15000000 1.0
  0.15833333 0.00000000 0.15833333 1.0
  0.16666667 0.00000000 0.16666667 1.0
  0.17500000 0.00000000 0.17500000 1.0
  0.18333333 0.00000000 0.18333333 1.0
  0.19166667 0.00000000 0.19166667 1.0
  0.20000000 0.00000000 0.20000000 1.0
  0.20833333 0.00000000 0.20833333 1.0
  0.21666667 0.00000000 0.21666667 1.0
  0.22500000 0.00000000 0.22500000 1.0
  0.23333333 0.00000000 0.23333333 1.0
  0.24166667 0.00000000 0.24166667 1.0
  0.25000000 0.00000000 0.25000000 1.0
  0.25833333 0.00000000 0.25833333 1.0
  0.26666667 0.00000000 0.26666667 1.0
  0.27500000 0.00000000 0.27500000 1.0
  0.28333333 0.00000000 0.28333333 1.0
  0.29166667 0.00000000 0.29166667 1.0
  0.30000000 0.00000000 0.30000000 1.0
  0.30833333 0.00000000 0.30833333 1.0
  0.31666667 0.00000000 0.31666667 1.0
  0.32500000 0.00000000 0.32500000 1.0
  0.33333333 0.00000000 0.33333333 1.0
  0.34166667 0.00000000 0.34166667 1.0
  0.35000000 0.00000000 0.35000000 1.0
  0.35833333 0.00000000 0.35833333 1.0
  0.36666667 0.00000000 0.36666667 1.0
  0.37500000 0.00000000 0.37500000 1.0
  0.38333333 0.00000000 0.38333333 1.0
  0.39166667 0.00000000 0.39166667 1.0
  0.40000000 0.00000000 0.40000000 1.0
  0.40833333 0.00000000 0.40833333 1.0
  0.41666667 0.00000000 0.41666667 1.0
  0.42500000 0.00000000 0.42500000 1.0
  0.43333333 0.00000000 0.43333333 1.0
  0.44166667 0.00000000 0.44166667 1.0
  0.45000000 0.00000000 0.45000000 1.0
  0.45833333 0.00000000 0.45833333 1.0
  0.46666667 0.00000000 0.46666667 1.0
  0.47500000 0.00000000 0.47500000 1.0
  0.48333333 0.00000000 0.48333333 1.0
  0.49166667 0.00000000 0.49166667 1.0
  0.50000000 0.00000000 0.50000000 1.0
  0.50000000 -0.50000000 0.00000000 1.0
  0.49404762 -0.49404762 0.00000000 1.0
  0.48809524 -0.48809524 0.00000000 1.0
  0.48214286 -0.48214286 0.00000000 1.0
  0.47619048 -0.47619048 0.00000000 1.0
  0.47023810 -0.47023810 0.00000000 1.0
  0.46428571 -0.46428571 0.00000000 1.0
  0.45833333 -0.45833333 0.00000000 1.0
  0.45238095 -0.45238095 0.00000000 1.0
  0.44642857 -0.44642857 0.00000000 1.0
  0.44047619 -0.44047619 0.00000000 1.0
  0.43452381 -0.43452381 0.00000000 1.0
  0.42857143 -0.42857143 0.00000000 1.0
  0.42261905 -0.42261905 0.00000000 1.0
  0.41666667 -0.41666667 0.00000000 1.0
  0.41071429 -0.41071429 0.00000000 1.0
  0.40476190 -0.40476190 0.00000000 1.0
  0.39880952 -0.39880952 0.00000000 1.0
  0.39285714 -0.39285714 0.00000000 1.0
  0.38690476 -0.38690476 0.00000000 1.0
  0.38095238 -0.38095238 0.00000000 1.0
  0.37500000 -0.37500000 0.00000000 1.0
  0.36914062 -0.36914062 0.00000000 1.0
  0.36328125 -0.36328125 0.00000000 1.0
  0.35742188 -0.35742188 0.00000000 1.0
  0.35156250 -0.35156250 0.00000000 1.0
  0.34570312 -0.34570312 0.00000000 1.0
  0.33984375 -0.33984375 0.00000000 1.0
  0.33398438 -0.33398438 0.00000000 1.0
  0.32812500 -0.32812500 0.00000000 1.0
  0.32226562 -0.32226562 0.00000000 1.0
  0.31640625 -0.31640625 0.00000000 1.0
  0.31054688 -0.31054688 0.00000000 1.0
  0.30468750 -0.30468750 0.00000000 1.0
  0.29882812 -0.29882812 0.00000000 1.0
  0.29296875 -0.29296875 0.00000000 1.0
  0.28710938 -0.28710938 0.00000000 1.0
  0.28125000 -0.28125000 0.00000000 1.0
  0.27539062 -0.27539062 0.00000000 1.0
  0.26953125 -0.26953125 0.00000000 1.0
  0.26367188 -0.26367188 0.00000000 1.0
  0.25781250 -0.25781250 0.00000000 1.0
  0.25195312 -0.25195312 0.00000000 1.0
  0.24609375 -0.24609375 0.00000000 1.0
  0.24023438 -0.24023438 0.00000000 1.0
  0.23437500 -0.23437500 0.00000000 1.0
  0.22851562 -0.22851562 0.00000000 1.0
  0.22265625 -0.22265625 0.00000000 1.0
  0.21679688 -0.21679688 0.00000000 1.0
  0.21093750 -0.21093750 0.00000000 1.0
  0.20507812 -0.20507812 0.00000000 1.0
  0.19921875 -0.19921875 0.00000000 1.0
  0.19335938 -0.19335938 0.00000000 1.0
  0.18750000 -0.18750000 0.00000000 1.0
  0.18164062 -0.18164062 0.00000000 1.0
  0.17578125 -0.17578125 0.00000000 1.0
  0.16992188 -0.16992188 0.00000000 1.0
  0.16406250 -0.16406250 0.00000000 1.0
  0.15820312 -0.15820312 0.00000000 1.0
  0.15234375 -0.15234375 0.00000000 1.0
  0.14648438 -0.14648438 0.00000000 1.0
  0.14062500 -0.14062500 0.00000000 1.0
  0.13476562 -0.13476562 0.00000000 1.0
  0.12890625 -0.12890625 0.00000000 1.0
  0.12304688 -0.12304688 0.00000000 1.0
  0.11718750 -0.11718750 0.00000000 1.0
  0.11132812 -0.11132812 0.00000000 1.0
  0.10546875 -0.10546875 0.00000000 1.0
  0.09960938 -0.09960938 0.00000000 1.0
  0.09375000 -0.09375000 0.00000000 1.0
  0.08789062 -0.08789062 0.00000000 1.0
  0.08203125 -0.08203125 0.00000000 1.0
  0.07617188 -0.07617188 0.00000000 1.0
  0.07031250 -0.07031250 0.00000000 1.0
  0.06445312 -0.06445312 0.00000000 1.0
  0.05859375 -0.05859375 0.00000000 1.0
  0.05273438 -0.05273438 0.00000000 1.0
  0.04687500 -0.04687500 0.00000000 1.0
  0.04101562 -0.04101562 0.00000000 1.0
  0.03515625 -0.03515625 0.00000000 1.0
  0.02929688 -0.02929688 0.00000000 1.0
  0.02343750 -0.02343750 0.00000000 1.0
  0.01757812 -0.01757812 0.00000000 1.0
  0.01171875 -0.01171875 0.00000000 1.0
  0.00585938 -0.00585938 0.00000000 1.0
  0.00000000 0.00000000 0.00000000 1.0
