&CONTROL
  calculation   = 'nscf'
  prefix        = 'graphene'
  outdir        = './tmp60'
  pseudo_dir    = '/home/haney411/wrk/qe/SSSP_1.3.0_PBE_efficiency'
  verbosity     = 'high'
/

&SYSTEM
  ibrav         = 4
  celldm(1)     = 4.6487262666
  celldm(3)     = 8.0000000000
  nat           = 2
  ntyp          = 1
  ecutwfc       = 50.0
  ecutrho       = 400.0
  occupations   = 'smearing'
  smearing      = 'mv'
  degauss       = 0.01
  nbnd          = 60
/

&ELECTRONS
  conv_thr         = 1.0d-10
  diagonalization  = 'david'
  diago_full_acc   = .true.
  diago_david_ndim = 8
/

ATOMIC_SPECIES
  C  12.011  C.pbe-n-kjpaw_psl.1.0.0.UPF

ATOMIC_POSITIONS {crystal}
  C  0.3333333333  0.6666666667  0.0000000000
  C  0.6666666667  0.3333333333  0.0000000000

K_POINTS {crystal}
225
0.0000000000  0.0000000000  0.0000000000  1.0
0.0666666667  0.0000000000  0.0000000000  1.0
0.1333333333  0.0000000000  0.0000000000  1.0
0.2000000000  0.0000000000  0.0000000000  1.0
0.2666666667  0.0000000000  0.0000000000  1.0
0.3333333333  0.0000000000  0.0000000000  1.0
0.4000000000  0.0000000000  0.0000000000  1.0
0.4666666667  0.0000000000  0.0000000000  1.0
0.5333333333  0.0000000000  0.0000000000  1.0
0.6000000000  0.0000000000  0.0000000000  1.0
0.6666666667  0.0000000000  0.0000000000  1.0
0.7333333333  0.0000000000  0.0000000000  1.0
0.8000000000  0.0000000000  0.0000000000  1.0
0.8666666667  0.0000000000  0.0000000000  1.0
0.9333333333  0.0000000000  0.0000000000  1.0
0.0000000000  0.0666666667  0.0000000000  1.0
0.0666666667  0.0666666667  0.0000000000  1.0
0.1333333333  0.0666666667  0.0000000000  1.0
0.2000000000  0.0666666667  0.0000000000  1.0
0.2666666667  0.0666666667  0.0000000000  1.0
0.3333333333  0.0666666667  0.0000000000  1.0
0.4000000000  0.0666666667  0.0000000000  1.0
0.4666666667  0.0666666667  0.0000000000  1.0
0.5333333333  0.0666666667  0.0000000000  1.0
0.6000000000  0.0666666667  0.0000000000  1.0
0.6666666667  0.0666666667  0.0000000000  1.0
0.7333333333  0.0666666667  0.0000000000  1.0
0.8000000000  0.0666666667  0.0000000000  1.0
0.8666666667  0.0666666667  0.0000000000  1.0
0.9333333333  0.0666666667  0.0000000000  1.0
0.0000000000  0.1333333333  0.0000000000  1.0
0.0666666667  0.1333333333  0.0000000000  1.0
0.1333333333  0.1333333333  0.0000000000  1.0
0.2000000000  0.1333333333  0.0000000000  1.0
0.2666666667  0.1333333333  0.0000000000  1.0
0.3333333333  0.1333333333  0.0000000000  1.0
0.4000000000  0.1333333333  0.0000000000  1.0
0.4666666667  0.1333333333  0.0000000000  1.0
0.5333333333  0.1333333333  0.0000000000  1.0
0.6000000000  0.1333333333  0.0000000000  1.0
0.6666666667  0.1333333333  0.0000000000  1.0
0.7333333333  0.1333333333  0.0000000000  1.0
0.8000000000  0.1333333333  0.0000000000  1.0
0.8666666667  0.1333333333  0.0000000000  1.0
0.9333333333  0.1333333333  0.0000000000  1.0
0.0000000000  0.2000000000  0.0000000000  1.0
0.0666666667  0.2000000000  0.0000000000  1.0
0.1333333333  0.2000000000  0.0000000000  1.0
0.2000000000  0.2000000000  0.0000000000  1.0
0.2666666667  0.2000000000  0.0000000000  1.0
0.3333333333  0.2000000000  0.0000000000  1.0
0.4000000000  0.2000000000  0.0000000000  1.0
0.4666666667  0.2000000000  0.0000000000  1.0
0.5333333333  0.2000000000  0.0000000000  1.0
0.6000000000  0.2000000000  0.0000000000  1.0
0.6666666667  0.2000000000  0.0000000000  1.0
0.7333333333  0.2000000000  0.0000000000  1.0
0.8000000000  0.2000000000  0.0000000000  1.0
0.8666666667  0.2000000000  0.0000000000  1.0
0.9333333333  0.2000000000  0.0000000000  1.0
0.0000000000  0.2666666667  0.0000000000  1.0
0.0666666667  0.2666666667  0.0000000000  1.0
0.1333333333  0.2666666667  0.0000000000  1.0
0.2000000000  0.2666666667  0.0000000000  1.0
0.2666666667  0.2666666667  0.0000000000  1.0
0.3333333333  0.2666666667  0.0000000000  1.0
0.4000000000  0.2666666667  0.0000000000  1.0
0.4666666667  0.2666666667  0.0000000000  1.0
0.5333333333  0.2666666667  0.0000000000  1.0
0.6000000000  0.2666666667  0.0000000000  1.0
0.6666666667  0.2666666667  0.0000000000  1.0
0.7333333333  0.2666666667  0.0000000000  1.0
0.8000000000  0.2666666667  0.0000000000  1.0
0.8666666667  0.2666666667  0.0000000000  1.0
0.9333333333  0.2666666667  0.0000000000  1.0
0.0000000000  0.3333333333  0.0000000000  1.0
0.0666666667  0.3333333333  0.0000000000  1.0
0.1333333333  0.3333333333  0.0000000000  1.0
0.2000000000  0.3333333333  0.0000000000  1.0
0.2666666667  0.3333333333  0.0000000000  1.0
0.3333333333  0.3333333333  0.0000000000  1.0
0.4000000000  0.3333333333  0.0000000000  1.0
0.4666666667  0.3333333333  0.0000000000  1.0
0.5333333333  0.3333333333  0.0000000000  1.0
0.6000000000  0.3333333333  0.0000000000  1.0
0.6666666667  0.3333333333  0.0000000000  1.0
0.7333333333  0.3333333333  0.0000000000  1.0
0.8000000000  0.3333333333  0.0000000000  1.0
0.8666666667  0.3333333333  0.0000000000  1.0
0.9333333333  0.3333333333  0.0000000000  1.0
0.0000000000  0.4000000000  0.0000000000  1.0
0.0666666667  0.4000000000  0.0000000000  1.0
0.1333333333  0.4000000000  0.0000000000  1.0
0.2000000000  0.4000000000  0.0000000000  1.0
0.2666666667  0.4000000000  0.0000000000  1.0
0.3333333333  0.4000000000  0.0000000000  1.0
0.4000000000  0.4000000000  0.0000000000  1.0
0.4666666667  0.4000000000  0.0000000000  1.0
0.5333333333  0.4000000000  0.0000000000  1.0
0.6000000000  0.4000000000  0.0000000000  1.0
0.6666666667  0.4000000000  0.0000000000  1.0
0.7333333333  0.4000000000  0.0000000000  1.0
0.8000000000  0.4000000000  0.0000000000  1.0
0.8666666667  0.4000000000  0.0000000000  1.0
0.9333333333  0.4000000000  0.0000000000  1.0
0.0000000000  0.4666666667  0.0000000000  1.0
0.0666666667  0.4666666667  0.0000000000  1.0
0.1333333333  0.4666666667  0.0000000000  1.0
0.2000000000  0.4666666667  0.0000000000  1.0
0.2666666667  0.4666666667  0.0000000000  1.0
0.3333333333  0.4666666667  0.0000000000  1.0
0.4000000000  0.4666666667  0.0000000000  1.0
0.4666666667  0.4666666667  0.0000000000  1.0
0.5333333333  0.4666666667  0.0000000000  1.0
0.6000000000  0.4666666667  0.0000000000  1.0
0.6666666667  0.4666666667  0.0000000000  1.0
0.7333333333  0.4666666667  0.0000000000  1.0
0.8000000000  0.4666666667  0.0000000000  1.0
0.8666666667  0.4666666667  0.0000000000  1.0
0.9333333333  0.4666666667  0.0000000000  1.0
0.0000000000  0.5333333333  0.0000000000  1.0
0.0666666667  0.5333333333  0.0000000000  1.0
0.1333333333  0.5333333333  0.0000000000  1.0
0.2000000000  0.5333333333  0.0000000000  1.0
0.2666666667  0.5333333333  0.0000000000  1.0
0.3333333333  0.5333333333  0.0000000000  1.0
0.4000000000  0.5333333333  0.0000000000  1.0
0.4666666667  0.5333333333  0.0000000000  1.0
0.5333333333  0.5333333333  0.0000000000  1.0
0.6000000000  0.5333333333  0.0000000000  1.0
0.6666666667  0.5333333333  0.0000000000  1.0
0.7333333333  0.5333333333  0.0000000000  1.0
0.8000000000  0.5333333333  0.0000000000  1.0
0.8666666667  0.5333333333  0.0000000000  1.0
0.9333333333  0.5333333333  0.0000000000  1.0
0.0000000000  0.6000000000  0.0000000000  1.0
0.0666666667  0.6000000000  0.0000000000  1.0
0.1333333333  0.6000000000  0.0000000000  1.0
0.2000000000  0.6000000000  0.0000000000  1.0
0.2666666667  0.6000000000  0.0000000000  1.0
0.3333333333  0.6000000000  0.0000000000  1.0
0.4000000000  0.6000000000  0.0000000000  1.0
0.4666666667  0.6000000000  0.0000000000  1.0
0.5333333333  0.6000000000  0.0000000000  1.0
0.6000000000  0.6000000000  0.0000000000  1.0
0.6666666667  0.6000000000  0.0000000000  1.0
0.7333333333  0.6000000000  0.0000000000  1.0
0.8000000000  0.6000000000  0.0000000000  1.0
0.8666666667  0.6000000000  0.0000000000  1.0
0.9333333333  0.6000000000  0.0000000000  1.0
0.0000000000  0.6666666667  0.0000000000  1.0
0.0666666667  0.6666666667  0.0000000000  1.0
0.1333333333  0.6666666667  0.0000000000  1.0
0.2000000000  0.6666666667  0.0000000000  1.0
0.2666666667  0.6666666667  0.0000000000  1.0
0.3333333333  0.6666666667  0.0000000000  1.0
0.4000000000  0.6666666667  0.0000000000  1.0
0.4666666667  0.6666666667  0.0000000000  1.0
0.5333333333  0.6666666667  0.0000000000  1.0
0.6000000000  0.6666666667  0.0000000000  1.0
0.6666666667  0.6666666667  0.0000000000  1.0
0.7333333333  0.6666666667  0.0000000000  1.0
0.8000000000  0.6666666667  0.0000000000  1.0
0.8666666667  0.6666666667  0.0000000000  1.0
0.9333333333  0.6666666667  0.0000000000  1.0
0.0000000000  0.7333333333  0.0000000000  1.0
0.0666666667  0.7333333333  0.0000000000  1.0
0.1333333333  0.7333333333  0.0000000000  1.0
0.2000000000  0.7333333333  0.0000000000  1.0
0.2666666667  0.7333333333  0.0000000000  1.0
0.3333333333  0.7333333333  0.0000000000  1.0
0.4000000000  0.7333333333  0.0000000000  1.0
0.4666666667  0.7333333333  0.0000000000  1.0
0.5333333333  0.7333333333  0.0000000000  1.0
0.6000000000  0.7333333333  0.0000000000  1.0
0.6666666667  0.7333333333  0.0000000000  1.0
0.7333333333  0.7333333333  0.0000000000  1.0
0.8000000000  0.7333333333  0.0000000000  1.0
0.8666666667  0.7333333333  0.0000000000  1.0
0.9333333333  0.7333333333  0.0000000000  1.0
0.0000000000  0.8000000000  0.0000000000  1.0
0.0666666667  0.8000000000  0.0000000000  1.0
0.1333333333  0.8000000000  0.0000000000  1.0
0.2000000000  0.8000000000  0.0000000000  1.0
0.2666666667  0.8000000000  0.0000000000  1.0
0.3333333333  0.8000000000  0.0000000000  1.0
0.4000000000  0.8000000000  0.0000000000  1.0
0.4666666667  0.8000000000  0.0000000000  1.0
0.5333333333  0.8000000000  0.0000000000  1.0
0.6000000000  0.8000000000  0.0000000000  1.0
0.6666666667  0.8000000000  0.0000000000  1.0
0.7333333333  0.8000000000  0.0000000000  1.0
0.8000000000  0.8000000000  0.0000000000  1.0
0.8666666667  0.8000000000  0.0000000000  1.0
0.9333333333  0.8000000000  0.0000000000  1.0
0.0000000000  0.8666666667  0.0000000000  1.0
0.0666666667  0.8666666667  0.0000000000  1.0
0.1333333333  0.8666666667  0.0000000000  1.0
0.2000000000  0.8666666667  0.0000000000  1.0
0.2666666667  0.8666666667  0.0000000000  1.0
0.3333333333  0.8666666667  0.0000000000  1.0
0.4000000000  0.8666666667  0.0000000000  1.0
0.4666666667  0.8666666667  0.0000000000  1.0
0.5333333333  0.8666666667  0.0000000000  1.0
0.6000000000  0.8666666667  0.0000000000  1.0
0.6666666667  0.8666666667  0.0000000000  1.0
0.7333333333  0.8666666667  0.0000000000  1.0
0.8000000000  0.8666666667  0.0000000000  1.0
0.8666666667  0.8666666667  0.0000000000  1.0
0.9333333333  0.8666666667  0.0000000000  1.0
0.0000000000  0.9333333333  0.0000000000  1.0
0.0666666667  0.9333333333  0.0000000000  1.0
0.1333333333  0.9333333333  0.0000000000  1.0
0.2000000000  0.9333333333  0.0000000000  1.0
0.2666666667  0.9333333333  0.0000000000  1.0
0.3333333333  0.9333333333  0.0000000000  1.0
0.4000000000  0.9333333333  0.0000000000  1.0
0.4666666667  0.9333333333  0.0000000000  1.0
0.5333333333  0.9333333333  0.0000000000  1.0
0.6000000000  0.9333333333  0.0000000000  1.0
0.6666666667  0.9333333333  0.0000000000  1.0
0.7333333333  0.9333333333  0.0000000000  1.0
0.8000000000  0.9333333333  0.0000000000  1.0
0.8666666667  0.9333333333  0.0000000000  1.0
0.9333333333  0.9333333333  0.0000000000  1.0
