&CONTROL
  calculation   = 'nscf'
  prefix        = 'zno'
  outdir        = './tmp'
  pseudo_dir    = '/home/haney411/wrk/qe/SSSP_1.3.0_PBE_efficiency'
  verbosity     = 'high'
/

&SYSTEM
  ibrav         = 4
  celldm(1)     = 6.205
  celldm(3)     = 7.615
  nat           = 2
  ntyp          = 2
  ecutwfc       = 80.0
  ecutrho       = 640.0
  nbnd          = 25
  occupations   = 'fixed'
/

&ELECTRONS
  conv_thr        = 1.0d-10
  diagonalization = 'david'
  diago_full_acc  = .true.
  diago_david_ndim = 8
/

ATOMIC_SPECIES
  Zn  65.38   Zn_pbe_v1.uspp.F.UPF
  O   15.999  O.pbe-n-kjpaw_psl.0.1.UPF

ATOMIC_POSITIONS {crystal}
  Zn   0.333333333  0.666666667  0.500000
  O    0.666666667  0.333333333  0.500000

K_POINTS {crystal}
144
0.0000000000  0.0000000000  0.0000000000  1.0
0.0833333333  0.0000000000  0.0000000000  1.0
0.1666666667  0.0000000000  0.0000000000  1.0
0.2500000000  0.0000000000  0.0000000000  1.0
0.3333333333  0.0000000000  0.0000000000  1.0
0.4166666667  0.0000000000  0.0000000000  1.0
0.5000000000  0.0000000000  0.0000000000  1.0
0.5833333333  0.0000000000  0.0000000000  1.0
0.6666666667  0.0000000000  0.0000000000  1.0
0.7500000000  0.0000000000  0.0000000000  1.0
0.8333333333  0.0000000000  0.0000000000  1.0
0.9166666667  0.0000000000  0.0000000000  1.0
0.0000000000  0.0833333333  0.0000000000  1.0
0.0833333333  0.0833333333  0.0000000000  1.0
0.1666666667  0.0833333333  0.0000000000  1.0
0.2500000000  0.0833333333  0.0000000000  1.0
0.3333333333  0.0833333333  0.0000000000  1.0
0.4166666667  0.0833333333  0.0000000000  1.0
0.5000000000  0.0833333333  0.0000000000  1.0
0.5833333333  0.0833333333  0.0000000000  1.0
0.6666666667  0.0833333333  0.0000000000  1.0
0.7500000000  0.0833333333  0.0000000000  1.0
0.8333333333  0.0833333333  0.0000000000  1.0
0.9166666667  0.0833333333  0.0000000000  1.0
0.0000000000  0.1666666667  0.0000000000  1.0
0.0833333333  0.1666666667  0.0000000000  1.0
0.1666666667  0.1666666667  0.0000000000  1.0
0.2500000000  0.1666666667  0.0000000000  1.0
0.3333333333  0.1666666667  0.0000000000  1.0
0.4166666667  0.1666666667  0.0000000000  1.0
0.5000000000  0.1666666667  0.0000000000  1.0
0.5833333333  0.1666666667  0.0000000000  1.0
0.6666666667  0.1666666667  0.0000000000  1.0
0.7500000000  0.1666666667  0.0000000000  1.0
0.8333333333  0.1666666667  0.0000000000  1.0
0.9166666667  0.1666666667  0.0000000000  1.0
0.0000000000  0.2500000000  0.0000000000  1.0
0.0833333333  0.2500000000  0.0000000000  1.0
0.1666666667  0.2500000000  0.0000000000  1.0
0.2500000000  0.2500000000  0.0000000000  1.0
0.3333333333  0.2500000000  0.0000000000  1.0
0.4166666667  0.2500000000  0.0000000000  1.0
0.5000000000  0.2500000000  0.0000000000  1.0
0.5833333333  0.2500000000  0.0000000000  1.0
0.6666666667  0.2500000000  0.0000000000  1.0
0.7500000000  0.2500000000  0.0000000000  1.0
0.8333333333  0.2500000000  0.0000000000  1.0
0.9166666667  0.2500000000  0.0000000000  1.0
0.0000000000  0.3333333333  0.0000000000  1.0
0.0833333333  0.3333333333  0.0000000000  1.0
0.1666666667  0.3333333333  0.0000000000  1.0
0.2500000000  0.3333333333  0.0000000000  1.0
0.3333333333  0.3333333333  0.0000000000  1.0
0.4166666667  0.3333333333  0.0000000000  1.0
0.5000000000  0.3333333333  0.0000000000  1.0
0.5833333333  0.3333333333  0.0000000000  1.0
0.6666666667  0.3333333333  0.0000000000  1.0
0.7500000000  0.3333333333  0.0000000000  1.0
0.8333333333  0.3333333333  0.0000000000  1.0
0.9166666667  0.3333333333  0.0000000000  1.0
0.0000000000  0.4166666667  0.0000000000  1.0
0.0833333333  0.4166666667  0.0000000000  1.0
0.1666666667  0.4166666667  0.0000000000  1.0
0.2500000000  0.4166666667  0.0000000000  1.0
0.3333333333  0.4166666667  0.0000000000  1.0
0.4166666667  0.4166666667  0.0000000000  1.0
0.5000000000  0.4166666667  0.0000000000  1.0
0.5833333333  0.4166666667  0.0000000000  1.0
0.6666666667  0.4166666667  0.0000000000  1.0
0.7500000000  0.4166666667  0.0000000000  1.0
0.8333333333  0.4166666667  0.0000000000  1.0
0.9166666667  0.4166666667  0.0000000000  1.0
0.0000000000  0.5000000000  0.0000000000  1.0
0.0833333333  0.5000000000  0.0000000000  1.0
0.1666666667  0.5000000000  0.0000000000  1.0
0.2500000000  0.5000000000  0.0000000000  1.0
0.3333333333  0.5000000000  0.0000000000  1.0
0.4166666667  0.5000000000  0.0000000000  1.0
0.5000000000  0.5000000000  0.0000000000  1.0
0.5833333333  0.5000000000  0.0000000000  1.0
0.6666666667  0.5000000000  0.0000000000  1.0
0.7500000000  0.5000000000  0.0000000000  1.0
0.8333333333  0.5000000000  0.0000000000  1.0
0.9166666667  0.5000000000  0.0000000000  1.0
0.0000000000  0.5833333333  0.0000000000  1.0
0.0833333333  0.5833333333  0.0000000000  1.0
0.1666666667  0.5833333333  0.0000000000  1.0
0.2500000000  0.5833333333  0.0000000000  1.0
0.3333333333  0.5833333333  0.0000000000  1.0
0.4166666667  0.5833333333  0.0000000000  1.0
0.5000000000  0.5833333333  0.0000000000  1.0
0.5833333333  0.5833333333  0.0000000000  1.0
0.6666666667  0.5833333333  0.0000000000  1.0
0.7500000000  0.5833333333  0.0000000000  1.0
0.8333333333  0.5833333333  0.0000000000  1.0
0.9166666667  0.5833333333  0.0000000000  1.0
0.0000000000  0.6666666667  0.0000000000  1.0
0.0833333333  0.6666666667  0.0000000000  1.0
0.1666666667  0.6666666667  0.0000000000  1.0
0.2500000000  0.6666666667  0.0000000000  1.0
0.3333333333  0.6666666667  0.0000000000  1.0
0.4166666667  0.6666666667  0.0000000000  1.0
0.5000000000  0.6666666667  0.0000000000  1.0
0.5833333333  0.6666666667  0.0000000000  1.0
0.6666666667  0.6666666667  0.0000000000  1.0
0.7500000000  0.6666666667  0.0000000000  1.0
0.8333333333  0.6666666667  0.0000000000  1.0
0.9166666667  0.6666666667  0.0000000000  1.0
0.0000000000  0.7500000000  0.0000000000  1.0
0.0833333333  0.7500000000  0.0000000000  1.0
0.1666666667  0.7500000000  0.0000000000  1.0
0.2500000000  0.7500000000  0.0000000000  1.0
0.3333333333  0.7500000000  0.0000000000  1.0
0.4166666667  0.7500000000  0.0000000000  1.0
0.5000000000  0.7500000000  0.0000000000  1.0
0.5833333333  0.7500000000  0.0000000000  1.0
0.6666666667  0.7500000000  0.0000000000  1.0
0.7500000000  0.7500000000  0.0000000000  1.0
0.8333333333  0.7500000000  0.0000000000  1.0
0.9166666667  0.7500000000  0.0000000000  1.0
0.0000000000  0.8333333333  0.0000000000  1.0
0.0833333333  0.8333333333  0.0000000000  1.0
0.1666666667  0.8333333333  0.0000000000  1.0
0.2500000000  0.8333333333  0.0000000000  1.0
0.3333333333  0.8333333333  0.0000000000  1.0
0.4166666667  0.8333333333  0.0000000000  1.0
0.5000000000  0.8333333333  0.0000000000  1.0
0.5833333333  0.8333333333  0.0000000000  1.0
0.6666666667  0.8333333333  0.0000000000  1.0
0.7500000000  0.8333333333  0.0000000000  1.0
0.8333333333  0.8333333333  0.0000000000  1.0
0.9166666667  0.8333333333  0.0000000000  1.0
0.0000000000  0.9166666667  0.0000000000  1.0
0.0833333333  0.9166666667  0.0000000000  1.0
0.1666666667  0.9166666667  0.0000000000  1.0
0.2500000000  0.9166666667  0.0000000000  1.0
0.3333333333  0.9166666667  0.0000000000  1.0
0.4166666667  0.9166666667  0.0000000000  1.0
0.5000000000  0.9166666667  0.0000000000  1.0
0.5833333333  0.9166666667  0.0000000000  1.0
0.6666666667  0.9166666667  0.0000000000  1.0
0.7500000000  0.9166666667  0.0000000000  1.0
0.8333333333  0.9166666667  0.0000000000  1.0
0.9166666667  0.9166666667  0.0000000000  1.0
