&CONTROL
  calculation = 'nscf'
  prefix      = 'mose2'
  outdir      = './tmp'
  pseudo_dir  = '/home/haney411/wrk/qe/SSSP_1.3.0_PBE_efficiency'
/
&SYSTEM
  ibrav       = 4
  celldm(1)   = 6.179404
  celldm(3)   = 6.116208
  nat         = 3
  ntyp        = 2
  ecutwfc     = 50.0
  ecutrho     = 400.0
  nbnd        = 20
/
&ELECTRONS
  diago_full_acc = .true.
/
ATOMIC_SPECIES
  Mo  95.94   Mo_ONCV_PBE-1.0.oncvpsp.upf
  Se  78.96   Se_pbe_v1.uspp.F.UPF

ATOMIC_POSITIONS {crystal}
  Mo  0.333333333  0.666666667  0.500000
  Se  0.666666667  0.333333333  0.583500
  Se  0.666666667  0.333333333  0.416500

K_POINTS {crystal}
225
  0.0000000000  0.0000000000  0.0000000000  1.0
  0.0666666667  0.0000000000  0.0000000000  1.0
  0.1333333333  0.0000000000  0.0000000000  1.0
  0.2000000000  0.0000000000  0.0000000000  1.0
  0.2666666667  0.0000000000  0.0000000000  1.0
  0.3333333333  0.0000000000  0.0000000000  1.0
  0.4000000000  0.0000000000  0.0000000000  1.0
  0.4666666667  0.0000000000  0.0000000000  1.0
  0.5333333333  0.0000000000  0.0000000000  1.0
  0.6000000000  0.0000000000  0.0000000000  1.0
  0.6666666667  0.0000000000  0.0000000000  1.0
  0.7333333333  0.0000000000  0.0000000000  1.0
  0.8000000000  0.0000000000  0.0000000000  1.0
  0.8666666667  0.0000000000  0.0000000000  1.0
  0.9333333333  0.0000000000  0.0000000000  1.0
  0.0000000000  0.0666666667  0.0000000000  1.0
  0.0666666667  0.0666666667  0.0000000000  1.0
  0.1333333333  0.0666666667  0.0000000000  1.0
  0.2000000000  0.0666666667  0.0000000000  1.0
  0.2666666667  0.0666666667  0.0000000000  1.0
  0.3333333333  0.0666666667  0.0000000000  1.0
  0.4000000000  0.0666666667  0.0000000000  1.0
  0.4666666667  0.0666666667  0.0000000000  1.0
  0.5333333333  0.0666666667  0.0000000000  1.0
  0.6000000000  0.0666666667  0.0000000000  1.0
  0.6666666667  0.0666666667  0.0000000000  1.0
  0.7333333333  0.0666666667  0.0000000000  1.0
  0.8000000000  0.0666666667  0.0000000000  1.0
  0.8666666667  0.0666666667  0.0000000000  1.0
  0.9333333333  0.0666666667  0.0000000000  1.0
  0.0000000000  0.1333333333  0.0000000000  1.0
  0.0666666667  0.1333333333  0.0000000000  1.0
  0.1333333333  0.1333333333  0.0000000000  1.0
  0.2000000000  0.1333333333  0.0000000000  1.0
  0.2666666667  0.1333333333  0.0000000000  1.0
  0.3333333333  0.1333333333  0.0000000000  1.0
  0.4000000000  0.1333333333  0.0000000000  1.0
  0.4666666667  0.1333333333  0.0000000000  1.0
  0.5333333333  0.1333333333  0.0000000000  1.0
  0.6000000000  0.1333333333  0.0000000000  1.0
  0.6666666667  0.1333333333  0.0000000000  1.0
  0.7333333333  0.1333333333  0.0000000000  1.0
  0.8000000000  0.1333333333  0.0000000000  1.0
  0.8666666667  0.1333333333  0.0000000000  1.0
  0.9333333333  0.1333333333  0.0000000000  1.0
  0.0000000000  0.2000000000  0.0000000000  1.0
  0.0666666667  0.2000000000  0.0000000000  1.0
  0.1333333333  0.2000000000  0.0000000000  1.0
  0.2000000000  0.2000000000  0.0000000000  1.0
  0.2666666667  0.2000000000  0.0000000000  1.0
  0.3333333333  0.2000000000  0.0000000000  1.0
  0.4000000000  0.2000000000  0.0000000000  1.0
  0.4666666667  0.2000000000  0.0000000000  1.0
  0.5333333333  0.2000000000  0.0000000000  1.0
  0.6000000000  0.2000000000  0.0000000000  1.0
  0.6666666667  0.2000000000  0.0000000000  1.0
  0.7333333333  0.2000000000  0.0000000000  1.0
  0.8000000000  0.2000000000  0.0000000000  1.0
  0.8666666667  0.2000000000  0.0000000000  1.0
  0.9333333333  0.2000000000  0.0000000000  1.0
  0.0000000000  0.2666666667  0.0000000000  1.0
  0.0666666667  0.2666666667  0.0000000000  1.0
  0.1333333333  0.2666666667  0.0000000000  1.0
  0.2000000000  0.2666666667  0.0000000000  1.0
  0.2666666667  0.2666666667  0.0000000000  1.0
  0.3333333333  0.2666666667  0.0000000000  1.0
  0.4000000000  0.2666666667  0.0000000000  1.0
  0.4666666667  0.2666666667  0.0000000000  1.0
  0.5333333333  0.2666666667  0.0000000000  1.0
  0.6000000000  0.2666666667  0.0000000000  1.0
  0.6666666667  0.2666666667  0.0000000000  1.0
  0.7333333333  0.2666666667  0.0000000000  1.0
  0.8000000000  0.2666666667  0.0000000000  1.0
  0.8666666667  0.2666666667  0.0000000000  1.0
  0.9333333333  0.2666666667  0.0000000000  1.0
  0.0000000000  0.3333333333  0.0000000000  1.0
  0.0666666667  0.3333333333  0.0000000000  1.0
  0.1333333333  0.3333333333  0.0000000000  1.0
  0.2000000000  0.3333333333  0.0000000000  1.0
  0.2666666667  0.3333333333  0.0000000000  1.0
  0.3333333333  0.3333333333  0.0000000000  1.0
  0.4000000000  0.3333333333  0.0000000000  1.0
  0.4666666667  0.3333333333  0.0000000000  1.0
  0.5333333333  0.3333333333  0.0000000000  1.0
  0.6000000000  0.3333333333  0.0000000000  1.0
  0.6666666667  0.3333333333  0.0000000000  1.0
  0.7333333333  0.3333333333  0.0000000000  1.0
  0.8000000000  0.3333333333  0.0000000000  1.0
  0.8666666667  0.3333333333  0.0000000000  1.0
  0.9333333333  0.3333333333  0.0000000000  1.0
  0.0000000000  0.4000000000  0.0000000000  1.0
  0.0666666667  0.4000000000  0.0000000000  1.0
  0.1333333333  0.4000000000  0.0000000000  1.0
  0.2000000000  0.4000000000  0.0000000000  1.0
  0.2666666667  0.4000000000  0.0000000000  1.0
  0.3333333333  0.4000000000  0.0000000000  1.0
  0.4000000000  0.4000000000  0.0000000000  1.0
  0.4666666667  0.4000000000  0.0000000000  1.0
  0.5333333333  0.4000000000  0.0000000000  1.0
  0.6000000000  0.4000000000  0.0000000000  1.0
  0.6666666667  0.4000000000  0.0000000000  1.0
  0.7333333333  0.4000000000  0.0000000000  1.0
  0.8000000000  0.4000000000  0.0000000000  1.0
  0.8666666667  0.4000000000  0.0000000000  1.0
  0.9333333333  0.4000000000  0.0000000000  1.0
  0.0000000000  0.4666666667  0.0000000000  1.0
  0.0666666667  0.4666666667  0.0000000000  1.0
  0.1333333333  0.4666666667  0.0000000000  1.0
  0.2000000000  0.4666666667  0.0000000000  1.0
  0.2666666667  0.4666666667  0.0000000000  1.0
  0.3333333333  0.4666666667  0.0000000000  1.0
  0.4000000000  0.4666666667  0.0000000000  1.0
  0.4666666667  0.4666666667  0.0000000000  1.0
  0.5333333333  0.4666666667  0.0000000000  1.0
  0.6000000000  0.4666666667  0.0000000000  1.0
  0.6666666667  0.4666666667  0.0000000000  1.0
  0.7333333333  0.4666666667  0.0000000000  1.0
  0.8000000000  0.4666666667  0.0000000000  1.0
  0.8666666667  0.4666666667  0.0000000000  1.0
  0.9333333333  0.4666666667  0.0000000000  1.0
  0.0000000000  0.5333333333  0.0000000000  1.0
  0.0666666667  0.5333333333  0.0000000000  1.0
  0.1333333333  0.5333333333  0.0000000000  1.0
  0.2000000000  0.5333333333  0.0000000000  1.0
  0.2666666667  0.5333333333  0.0000000000  1.0
  0.3333333333  0.5333333333  0.0000000000  1.0
  0.4000000000  0.5333333333  0.0000000000  1.0
  0.4666666667  0.5333333333  0.0000000000  1.0
  0.5333333333  0.5333333333  0.0000000000  1.0
  0.6000000000  0.5333333333  0.0000000000  1.0
  0.6666666667  0.5333333333  0.0000000000  1.0
  0.7333333333  0.5333333333  0.0000000000  1.0
  0.8000000000  0.5333333333  0.0000000000  1.0
  0.8666666667  0.5333333333  0.0000000000  1.0
  0.9333333333  0.5333333333  0.0000000000  1.0
  0.0000000000  0.6000000000  0.0000000000  1.0
  0.0666666667  0.6000000000  0.0000000000  1.0
  0.1333333333  0.6000000000  0.0000000000  1.0
  0.2000000000  0.6000000000  0.0000000000  1.0
  0.2666666667  0.6000000000  0.0000000000  1.0
  0.3333333333  0.6000000000  0.0000000000  1.0
  0.4000000000  0.6000000000  0.0000000000  1.0
  0.4666666667  0.6000000000  0.0000000000  1.0
  0.5333333333  0.6000000000  0.0000000000  1.0
  0.6000000000  0.6000000000  0.0000000000  1.0
  0.6666666667  0.6000000000  0.0000000000  1.0
  0.7333333333  0.6000000000  0.0000000000  1.0
  0.8000000000  0.6000000000  0.0000000000  1.0
  0.8666666667  0.6000000000  0.0000000000  1.0
  0.9333333333  0.6000000000  0.0000000000  1.0
  0.0000000000  0.6666666667  0.0000000000  1.0
  0.0666666667  0.6666666667  0.0000000000  1.0
  0.1333333333  0.6666666667  0.0000000000  1.0
  0.2000000000  0.6666666667  0.0000000000  1.0
  0.2666666667  0.6666666667  0.0000000000  1.0
  0.3333333333  0.6666666667  0.0000000000  1.0
  0.4000000000  0.6666666667  0.0000000000  1.0
  0.4666666667  0.6666666667  0.0000000000  1.0
  0.5333333333  0.6666666667  0.0000000000  1.0
  0.6000000000  0.6666666667  0.0000000000  1.0
  0.6666666667  0.6666666667  0.0000000000  1.0
  0.7333333333  0.6666666667  0.0000000000  1.0
  0.8000000000  0.6666666667  0.0000000000  1.0
  0.8666666667  0.6666666667  0.0000000000  1.0
  0.9333333333  0.6666666667  0.0000000000  1.0
  0.0000000000  0.7333333333  0.0000000000  1.0
  0.0666666667  0.7333333333  0.0000000000  1.0
  0.1333333333  0.7333333333  0.0000000000  1.0
  0.2000000000  0.7333333333  0.0000000000  1.0
  0.2666666667  0.7333333333  0.0000000000  1.0
  0.3333333333  0.7333333333  0.0000000000  1.0
  0.4000000000  0.7333333333  0.0000000000  1.0
  0.4666666667  0.7333333333  0.0000000000  1.0
  0.5333333333  0.7333333333  0.0000000000  1.0
  0.6000000000  0.7333333333  0.0000000000  1.0
  0.6666666667  0.7333333333  0.0000000000  1.0
  0.7333333333  0.7333333333  0.0000000000  1.0
  0.8000000000  0.7333333333  0.0000000000  1.0
  0.8666666667  0.7333333333  0.0000000000  1.0
  0.9333333333  0.7333333333  0.0000000000  1.0
  0.0000000000  0.8000000000  0.0000000000  1.0
  0.0666666667  0.8000000000  0.0000000000  1.0
  0.1333333333  0.8000000000  0.0000000000  1.0
  0.2000000000  0.8000000000  0.0000000000  1.0
  0.2666666667  0.8000000000  0.0000000000  1.0
  0.3333333333  0.8000000000  0.0000000000  1.0
  0.4000000000  0.8000000000  0.0000000000  1.0
  0.4666666667  0.8000000000  0.0000000000  1.0
  0.5333333333  0.8000000000  0.0000000000  1.0
  0.6000000000  0.8000000000  0.0000000000  1.0
  0.6666666667  0.8000000000  0.0000000000  1.0
  0.7333333333  0.8000000000  0.0000000000  1.0
  0.8000000000  0.8000000000  0.0000000000  1.0
  0.8666666667  0.8000000000  0.0000000000  1.0
  0.9333333333  0.8000000000  0.0000000000  1.0
  0.0000000000  0.8666666667  0.0000000000  1.0
  0.0666666667  0.8666666667  0.0000000000  1.0
  0.1333333333  0.8666666667  0.0000000000  1.0
  0.2000000000  0.8666666667  0.0000000000  1.0
  0.2666666667  0.8666666667  0.0000000000  1.0
  0.3333333333  0.8666666667  0.0000000000  1.0
  0.4000000000  0.8666666667  0.0000000000  1.0
  0.4666666667  0.8666666667  0.0000000000  1.0
  0.5333333333  0.8666666667  0.0000000000  1.0
  0.6000000000  0.8666666667  0.0000000000  1.0
  0.6666666667  0.8666666667  0.0000000000  1.0
  0.7333333333  0.8666666667  0.0000000000  1.0
  0.8000000000  0.8666666667  0.0000000000  1.0
  0.8666666667  0.8666666667  0.0000000000  1.0
  0.9333333333  0.8666666667  0.0000000000  1.0
  0.0000000000  0.9333333333  0.0000000000  1.0
  0.0666666667  0.9333333333  0.0000000000  1.0
  0.1333333333  0.9333333333  0.0000000000  1.0
  0.2000000000  0.9333333333  0.0000000000  1.0
  0.2666666667  0.9333333333  0.0000000000  1.0
  0.3333333333  0.9333333333  0.0000000000  1.0
  0.4000000000  0.9333333333  0.0000000000  1.0
  0.4666666667  0.9333333333  0.0000000000  1.0
  0.5333333333  0.9333333333  0.0000000000  1.0
  0.6000000000  0.9333333333  0.0000000000  1.0
  0.6666666667  0.9333333333  0.0000000000  1.0
  0.7333333333  0.9333333333  0.0000000000  1.0
  0.8000000000  0.9333333333  0.0000000000  1.0
  0.8666666667  0.9333333333  0.0000000000  1.0
  0.9333333333  0.9333333333  0.0000000000  1.0
