&CONTROL
  calculation   = 'nscf'
  prefix        = 'ges'
  outdir        = './tmp'
  pseudo_dir    = '/home/haney411/wrk/qe/SSSP_1.3.0_PBE_efficiency'
/

&SYSTEM
  ibrav         = 0             ! a,b from Gomes & Carvalho PRB 92 085406 (PBE); atoms relaxed; x = armchair/polar, y = zigzag
  nat           = 4
  ntyp          = 2
  ecutwfc       = 45.0
  ecutrho       = 360.0         ! 8x for USPP
  nbnd          = 40
  nosym         = .true.
/

&ELECTRONS
  conv_thr      = 1.0d-10
  diago_full_acc = .true.
/

ATOMIC_SPECIES
  Ge  72.630  ge_pbe_v1.4.uspp.F.UPF
  S   32.065  s_pbe_v1.4.uspp.F.UPF

CELL_PARAMETERS {bohr}
  8.3147950000  0.0000000000  0.0000000000
  0.0000000000  6.9541922121  0.0000000000
  0.0000000000  0.0000000000  37.7945227651

ATOMIC_POSITIONS {crystal}
  Ge  0.0067216305  0.2500000000  0.5638065245
  S   0.1332783695  0.2500000000  0.4461607974
  Ge  0.5067216305  0.7500000000  0.4361934755
  S   0.6332783695  0.7500000000  0.5538392026

K_POINTS {crystal}
168
  0.000000000000  0.000000000000  0.000000000000  5.952381e-03
  0.000000000000  0.071428571429  0.000000000000  5.952381e-03
  0.000000000000  0.142857142857  0.000000000000  5.952381e-03
  0.000000000000  0.214285714286  0.000000000000  5.952381e-03
  0.000000000000  0.285714285714  0.000000000000  5.952381e-03
  0.000000000000  0.357142857143  0.000000000000  5.952381e-03
  0.000000000000  0.428571428571  0.000000000000  5.952381e-03
  0.000000000000  0.500000000000  0.000000000000  5.952381e-03
  0.000000000000  0.571428571429  0.000000000000  5.952381e-03
  0.000000000000  0.642857142857  0.000000000000  5.952381e-03
  0.000000000000  0.714285714286  0.000000000000  5.952381e-03
  0.000000000000  0.785714285714  0.000000000000  5.952381e-03
  0.000000000000  0.857142857143  0.000000000000  5.952381e-03
  0.000000000000  0.928571428571  0.000000000000  5.952381e-03
  0.083333333333  0.000000000000  0.000000000000  5.952381e-03
  0.083333333333  0.071428571429  0.000000000000  5.952381e-03
  0.083333333333  0.142857142857  0.000000000000  5.952381e-03
  0.083333333333  0.214285714286  0.000000000000  5.952381e-03
  0.083333333333  0.285714285714  0.000000000000  5.952381e-03
  0.083333333333  0.357142857143  0.000000000000  5.952381e-03
  0.083333333333  0.428571428571  0.000000000000  5.952381e-03
  0.083333333333  0.500000000000  0.000000000000  5.952381e-03
  0.083333333333  0.571428571429  0.000000000000  5.952381e-03
  0.083333333333  0.642857142857  0.000000000000  5.952381e-03
  0.083333333333  0.714285714286  0.000000000000  5.952381e-03
  0.083333333333  0.785714285714  0.000000000000  5.952381e-03
  0.083333333333  0.857142857143  0.000000000000  5.952381e-03
  0.083333333333  0.928571428571  0.000000000000  5.952381e-03
  0.166666666667  0.000000000000  0.000000000000  5.952381e-03
  0.166666666667  0.071428571429  0.000000000000  5.952381e-03
  0.166666666667  0.142857142857  0.000000000000  5.952381e-03
  0.166666666667  0.214285714286  0.000000000000  5.952381e-03
  0.166666666667  0.285714285714  0.000000000000  5.952381e-03
  0.166666666667  0.357142857143  0.000000000000  5.952381e-03
  0.166666666667  0.428571428571  0.000000000000  5.952381e-03
  0.166666666667  0.500000000000  0.000000000000  5.952381e-03
  0.166666666667  0.571428571429  0.000000000000  5.952381e-03
  0.166666666667  0.642857142857  0.000000000000  5.952381e-03
  0.166666666667  0.714285714286  0.000000000000  5.952381e-03
  0.166666666667  0.785714285714  0.000000000000  5.952381e-03
  0.166666666667  0.857142857143  0.000000000000  5.952381e-03
  0.166666666667  0.928571428571  0.000000000000  5.952381e-03
  0.250000000000  0.000000000000  0.000000000000  5.952381e-03
  0.250000000000  0.071428571429  0.000000000000  5.952381e-03
  0.250000000000  0.142857142857  0.000000000000  5.952381e-03
  0.250000000000  0.214285714286  0.000000000000  5.952381e-03
  0.250000000000  0.285714285714  0.000000000000  5.952381e-03
  0.250000000000  0.357142857143  0.000000000000  5.952381e-03
  0.250000000000  0.428571428571  0.000000000000  5.952381e-03
  0.250000000000  0.500000000000  0.000000000000  5.952381e-03
  0.250000000000  0.571428571429  0.000000000000  5.952381e-03
  0.250000000000  0.642857142857  0.000000000000  5.952381e-03
  0.250000000000  0.714285714286  0.000000000000  5.952381e-03
  0.250000000000  0.785714285714  0.000000000000  5.952381e-03
  0.250000000000  0.857142857143  0.000000000000  5.952381e-03
  0.250000000000  0.928571428571  0.000000000000  5.952381e-03
  0.333333333333  0.000000000000  0.000000000000  5.952381e-03
  0.333333333333  0.071428571429  0.000000000000  5.952381e-03
  0.333333333333  0.142857142857  0.000000000000  5.952381e-03
  0.333333333333  0.214285714286  0.000000000000  5.952381e-03
  0.333333333333  0.285714285714  0.000000000000  5.952381e-03
  0.333333333333  0.357142857143  0.000000000000  5.952381e-03
  0.333333333333  0.428571428571  0.000000000000  5.952381e-03
  0.333333333333  0.500000000000  0.000000000000  5.952381e-03
  0.333333333333  0.571428571429  0.000000000000  5.952381e-03
  0.333333333333  0.642857142857  0.000000000000  5.952381e-03
  0.333333333333  0.714285714286  0.000000000000  5.952381e-03
  0.333333333333  0.785714285714  0.000000000000  5.952381e-03
  0.333333333333  0.857142857143  0.000000000000  5.952381e-03
  0.333333333333  0.928571428571  0.000000000000  5.952381e-03
  0.416666666667  0.000000000000  0.000000000000  5.952381e-03
  0.416666666667  0.071428571429  0.000000000000  5.952381e-03
  0.416666666667  0.142857142857  0.000000000000  5.952381e-03
  0.416666666667  0.214285714286  0.000000000000  5.952381e-03
  0.416666666667  0.285714285714  0.000000000000  5.952381e-03
  0.416666666667  0.357142857143  0.000000000000  5.952381e-03
  0.416666666667  0.428571428571  0.000000000000  5.952381e-03
  0.416666666667  0.500000000000  0.000000000000  5.952381e-03
  0.416666666667  0.571428571429  0.000000000000  5.952381e-03
  0.416666666667  0.642857142857  0.000000000000  5.952381e-03
  0.416666666667  0.714285714286  0.000000000000  5.952381e-03
  0.416666666667  0.785714285714  0.000000000000  5.952381e-03
  0.416666666667  0.857142857143  0.000000000000  5.952381e-03
  0.416666666667  0.928571428571  0.000000000000  5.952381e-03
  0.500000000000  0.000000000000  0.000000000000  5.952381e-03
  0.500000000000  0.071428571429  0.000000000000  5.952381e-03
  0.500000000000  0.142857142857  0.000000000000  5.952381e-03
  0.500000000000  0.214285714286  0.000000000000  5.952381e-03
  0.500000000000  0.285714285714  0.000000000000  5.952381e-03
  0.500000000000  0.357142857143  0.000000000000  5.952381e-03
  0.500000000000  0.428571428571  0.000000000000  5.952381e-03
  0.500000000000  0.500000000000  0.000000000000  5.952381e-03
  0.500000000000  0.571428571429  0.000000000000  5.952381e-03
  0.500000000000  0.642857142857  0.000000000000  5.952381e-03
  0.500000000000  0.714285714286  0.000000000000  5.952381e-03
  0.500000000000  0.785714285714  0.000000000000  5.952381e-03
  0.500000000000  0.857142857143  0.000000000000  5.952381e-03
  0.500000000000  0.928571428571  0.000000000000  5.952381e-03
  0.583333333333  0.000000000000  0.000000000000  5.952381e-03
  0.583333333333  0.071428571429  0.000000000000  5.952381e-03
  0.583333333333  0.142857142857  0.000000000000  5.952381e-03
  0.583333333333  0.214285714286  0.000000000000  5.952381e-03
  0.583333333333  0.285714285714  0.000000000000  5.952381e-03
  0.583333333333  0.357142857143  0.000000000000  5.952381e-03
  0.583333333333  0.428571428571  0.000000000000  5.952381e-03
  0.583333333333  0.500000000000  0.000000000000  5.952381e-03
  0.583333333333  0.571428571429  0.000000000000  5.952381e-03
  0.583333333333  0.642857142857  0.000000000000  5.952381e-03
  0.583333333333  0.714285714286  0.000000000000  5.952381e-03
  0.583333333333  0.785714285714  0.000000000000  5.952381e-03
  0.583333333333  0.857142857143  0.000000000000  5.952381e-03
  0.583333333333  0.928571428571  0.000000000000  5.952381e-03
  0.666666666667  0.000000000000  0.000000000000  5.952381e-03
  0.666666666667  0.071428571429  0.000000000000  5.952381e-03
  0.666666666667  0.142857142857  0.000000000000  5.952381e-03
  0.666666666667  0.214285714286  0.000000000000  5.952381e-03
  0.666666666667  0.285714285714  0.000000000000  5.952381e-03
  0.666666666667  0.357142857143  0.000000000000  5.952381e-03
  0.666666666667  0.428571428571  0.000000000000  5.952381e-03
  0.666666666667  0.500000000000  0.000000000000  5.952381e-03
  0.666666666667  0.571428571429  0.000000000000  5.952381e-03
  0.666666666667  0.642857142857  0.000000000000  5.952381e-03
  0.666666666667  0.714285714286  0.000000000000  5.952381e-03
  0.666666666667  0.785714285714  0.000000000000  5.952381e-03
  0.666666666667  0.857142857143  0.000000000000  5.952381e-03
  0.666666666667  0.928571428571  0.000000000000  5.952381e-03
  0.750000000000  0.000000000000  0.000000000000  5.952381e-03
  0.750000000000  0.071428571429  0.000000000000  5.952381e-03
  0.750000000000  0.142857142857  0.000000000000  5.952381e-03
  0.750000000000  0.214285714286  0.000000000000  5.952381e-03
  0.750000000000  0.285714285714  0.000000000000  5.952381e-03
  0.750000000000  0.357142857143  0.000000000000  5.952381e-03
  0.750000000000  0.428571428571  0.000000000000  5.952381e-03
  0.750000000000  0.500000000000  0.000000000000  5.952381e-03
  0.750000000000  0.571428571429  0.000000000000  5.952381e-03
  0.750000000000  0.642857142857  0.000000000000  5.952381e-03
  0.750000000000  0.714285714286  0.000000000000  5.952381e-03
  0.750000000000  0.785714285714  0.000000000000  5.952381e-03
  0.750000000000  0.857142857143  0.000000000000  5.952381e-03
  0.750000000000  0.928571428571  0.000000000000  5.952381e-03
  0.833333333333  0.000000000000  0.000000000000  5.952381e-03
  0.833333333333  0.071428571429  0.000000000000  5.952381e-03
  0.833333333333  0.142857142857  0.000000000000  5.952381e-03
  0.833333333333  0.214285714286  0.000000000000  5.952381e-03
  0.833333333333  0.285714285714  0.000000000000  5.952381e-03
  0.833333333333  0.357142857143  0.000000000000  5.952381e-03
  0.833333333333  0.428571428571  0.000000000000  5.952381e-03
  0.833333333333  0.500000000000  0.000000000000  5.952381e-03
  0.833333333333  0.571428571429  0.000000000000  5.952381e-03
  0.833333333333  0.642857142857  0.000000000000  5.952381e-03
  0.833333333333  0.714285714286  0.000000000000  5.952381e-03
  0.833333333333  0.785714285714  0.000000000000  5.952381e-03
  0.833333333333  0.857142857143  0.000000000000  5.952381e-03
  0.833333333333  0.928571428571  0.000000000000  5.952381e-03
  0.916666666667  0.000000000000  0.000000000000  5.952381e-03
  0.916666666667  0.071428571429  0.000000000000  5.952381e-03
  0.916666666667  0.142857142857  0.000000000000  5.952381e-03
  0.916666666667  0.214285714286  0.000000000000  5.952381e-03
  0.916666666667  0.285714285714  0.000000000000  5.952381e-03
  0.916666666667  0.357142857143  0.000000000000  5.952381e-03
  0.916666666667  0.428571428571  0.000000000000  5.952381e-03
  0.916666666667  0.500000000000  0.000000000000  5.952381e-03
  0.916666666667  0.571428571429  0.000000000000  5.952381e-03
  0.916666666667  0.642857142857  0.000000000000  5.952381e-03
  0.916666666667  0.714285714286  0.000000000000  5.952381e-03
  0.916666666667  0.785714285714  0.000000000000  5.952381e-03
  0.916666666667  0.857142857143  0.000000000000  5.952381e-03
  0.916666666667  0.928571428571  0.000000000000  5.952381e-03
