&CONTROL
  calculation = 'nscf'
  prefix      = 'ws2'
  outdir      = './tmp'
  pseudo_dir  = '/home/haney411/wrk/qe'
/
&SYSTEM
  ibrav       = 4
  celldm(1)   = 6.009329
  celldm(3)   = 6.289308
  nat         = 3
  ntyp        = 2
  ecutwfc     = 70.0
  nbnd        = 44
  noncolin    = .true.
  lspinorb    = .true.
/
&ELECTRONS
  diago_full_acc = .true.
/
ATOMIC_SPECIES
  W   183.84   W_ONCV_PBE_fr.upf
  S    32.065  S_ONCV_PBE_fr.upf

ATOMIC_POSITIONS {crystal}
  W   0.333333333  0.666666667  0.500000
  S   0.666666667  0.333333333  0.578250
  S   0.666666667  0.333333333  0.421750

K_POINTS {crystal}
144
  0.0000000000  0.0000000000  0.0000000000  1.0
  0.0833333333  0.0000000000  0.0000000000  1.0
  0.1666666667  0.0000000000  0.0000000000  1.0
  0.2500000000  0.0000000000  0.0000000000  1.0
  0.3333333333  0.0000000000  0.0000000000  1.0
  0.4166666667  0.0000000000  0.0000000000  1.0
  0.5000000000  0.0000000000  0.0000000000  1.0
  0.5833333333  0.0000000000  0.0000000000  1.0
  0.6666666667  0.0000000000  0.0000000000  1.0
  0.7500000000  0.0000000000  0.0000000000  1.0
  0.8333333333  0.0000000000  0.0000000000  1.0
  0.9166666667  0.0000000000  0.0000000000  1.0
  0.0000000000  0.0833333333  0.0000000000  1.0
  0.0833333333  0.0833333333  0.0000000000  1.0
  0.1666666667  0.0833333333  0.0000000000  1.0
  0.2500000000  0.0833333333  0.0000000000  1.0
  0.3333333333  0.0833333333  0.0000000000  1.0
  0.4166666667  0.0833333333  0.0000000000  1.0
  0.5000000000  0.0833333333  0.0000000000  1.0
  0.5833333333  0.0833333333  0.0000000000  1.0
  0.6666666667  0.0833333333  0.0000000000  1.0
  0.7500000000  0.0833333333  0.0000000000  1.0
  0.8333333333  0.0833333333  0.0000000000  1.0
  0.9166666667  0.0833333333  0.0000000000  1.0
  0.0000000000  0.1666666667  0.0000000000  1.0
  0.0833333333  0.1666666667  0.0000000000  1.0
  0.1666666667  0.1666666667  0.0000000000  1.0
  0.2500000000  0.1666666667  0.0000000000  1.0
  0.3333333333  0.1666666667  0.0000000000  1.0
  0.4166666667  0.1666666667  0.0000000000  1.0
  0.5000000000  0.1666666667  0.0000000000  1.0
  0.5833333333  0.1666666667  0.0000000000  1.0
  0.6666666667  0.1666666667  0.0000000000  1.0
  0.7500000000  0.1666666667  0.0000000000  1.0
  0.8333333333  0.1666666667  0.0000000000  1.0
  0.9166666667  0.1666666667  0.0000000000  1.0
  0.0000000000  0.2500000000  0.0000000000  1.0
  0.0833333333  0.2500000000  0.0000000000  1.0
  0.1666666667  0.2500000000  0.0000000000  1.0
  0.2500000000  0.2500000000  0.0000000000  1.0
  0.3333333333  0.2500000000  0.0000000000  1.0
  0.4166666667  0.2500000000  0.0000000000  1.0
  0.5000000000  0.2500000000  0.0000000000  1.0
  0.5833333333  0.2500000000  0.0000000000  1.0
  0.6666666667  0.2500000000  0.0000000000  1.0
  0.7500000000  0.2500000000  0.0000000000  1.0
  0.8333333333  0.2500000000  0.0000000000  1.0
  0.9166666667  0.2500000000  0.0000000000  1.0
  0.0000000000  0.3333333333  0.0000000000  1.0
  0.0833333333  0.3333333333  0.0000000000  1.0
  0.1666666667  0.3333333333  0.0000000000  1.0
  0.2500000000  0.3333333333  0.0000000000  1.0
  0.3333333333  0.3333333333  0.0000000000  1.0
  0.4166666667  0.3333333333  0.0000000000  1.0
  0.5000000000  0.3333333333  0.0000000000  1.0
  0.5833333333  0.3333333333  0.0000000000  1.0
  0.6666666667  0.3333333333  0.0000000000  1.0
  0.7500000000  0.3333333333  0.0000000000  1.0
  0.8333333333  0.3333333333  0.0000000000  1.0
  0.9166666667  0.3333333333  0.0000000000  1.0
  0.0000000000  0.4166666667  0.0000000000  1.0
  0.0833333333  0.4166666667  0.0000000000  1.0
  0.1666666667  0.4166666667  0.0000000000  1.0
  0.2500000000  0.4166666667  0.0000000000  1.0
  0.3333333333  0.4166666667  0.0000000000  1.0
  0.4166666667  0.4166666667  0.0000000000  1.0
  0.5000000000  0.4166666667  0.0000000000  1.0
  0.5833333333  0.4166666667  0.0000000000  1.0
  0.6666666667  0.4166666667  0.0000000000  1.0
  0.7500000000  0.4166666667  0.0000000000  1.0
  0.8333333333  0.4166666667  0.0000000000  1.0
  0.9166666667  0.4166666667  0.0000000000  1.0
  0.0000000000  0.5000000000  0.0000000000  1.0
  0.0833333333  0.5000000000  0.0000000000  1.0
  0.1666666667  0.5000000000  0.0000000000  1.0
  0.2500000000  0.5000000000  0.0000000000  1.0
  0.3333333333  0.5000000000  0.0000000000  1.0
  0.4166666667  0.5000000000  0.0000000000  1.0
  0.5000000000  0.5000000000  0.0000000000  1.0
  0.5833333333  0.5000000000  0.0000000000  1.0
  0.6666666667  0.5000000000  0.0000000000  1.0
  0.7500000000  0.5000000000  0.0000000000  1.0
  0.8333333333  0.5000000000  0.0000000000  1.0
  0.9166666667  0.5000000000  0.0000000000  1.0
  0.0000000000  0.5833333333  0.0000000000  1.0
  0.0833333333  0.5833333333  0.0000000000  1.0
  0.1666666667  0.5833333333  0.0000000000  1.0
  0.2500000000  0.5833333333  0.0000000000  1.0
  0.3333333333  0.5833333333  0.0000000000  1.0
  0.4166666667  0.5833333333  0.0000000000  1.0
  0.5000000000  0.5833333333  0.0000000000  1.0
  0.5833333333  0.5833333333  0.0000000000  1.0
  0.6666666667  0.5833333333  0.0000000000  1.0
  0.7500000000  0.5833333333  0.0000000000  1.0
  0.8333333333  0.5833333333  0.0000000000  1.0
  0.9166666667  0.5833333333  0.0000000000  1.0
  0.0000000000  0.6666666667  0.0000000000  1.0
  0.0833333333  0.6666666667  0.0000000000  1.0
  0.1666666667  0.6666666667  0.0000000000  1.0
  0.2500000000  0.6666666667  0.0000000000  1.0
  0.3333333333  0.6666666667  0.0000000000  1.0
  0.4166666667  0.6666666667  0.0000000000  1.0
  0.5000000000  0.6666666667  0.0000000000  1.0
  0.5833333333  0.6666666667  0.0000000000  1.0
  0.6666666667  0.6666666667  0.0000000000  1.0
  0.7500000000  0.6666666667  0.0000000000  1.0
  0.8333333333  0.6666666667  0.0000000000  1.0
  0.9166666667  0.6666666667  0.0000000000  1.0
  0.0000000000  0.7500000000  0.0000000000  1.0
  0.0833333333  0.7500000000  0.0000000000  1.0
  0.1666666667  0.7500000000  0.0000000000  1.0
  0.2500000000  0.7500000000  0.0000000000  1.0
  0.3333333333  0.7500000000  0.0000000000  1.0
  0.4166666667  0.7500000000  0.0000000000  1.0
  0.5000000000  0.7500000000  0.0000000000  1.0
  0.5833333333  0.7500000000  0.0000000000  1.0
  0.6666666667  0.7500000000  0.0000000000  1.0
  0.7500000000  0.7500000000  0.0000000000  1.0
  0.8333333333  0.7500000000  0.0000000000  1.0
  0.9166666667  0.7500000000  0.0000000000  1.0
  0.0000000000  0.8333333333  0.0000000000  1.0
  0.0833333333  0.8333333333  0.0000000000  1.0
  0.1666666667  0.8333333333  0.0000000000  1.0
  0.2500000000  0.8333333333  0.0000000000  1.0
  0.3333333333  0.8333333333  0.0000000000  1.0
  0.4166666667  0.8333333333  0.0000000000  1.0
  0.5000000000  0.8333333333  0.0000000000  1.0
  0.5833333333  0.8333333333  0.0000000000  1.0
  0.6666666667  0.8333333333  0.0000000000  1.0
  0.7500000000  0.8333333333  0.0000000000  1.0
  0.8333333333  0.8333333333  0.0000000000  1.0
  0.9166666667  0.8333333333  0.0000000000  1.0
  0.0000000000  0.9166666667  0.0000000000  1.0
  0.0833333333  0.9166666667  0.0000000000  1.0
  0.1666666667  0.9166666667  0.0000000000  1.0
  0.2500000000  0.9166666667  0.0000000000  1.0
  0.3333333333  0.9166666667  0.0000000000  1.0
  0.4166666667  0.9166666667  0.0000000000  1.0
  0.5000000000  0.9166666667  0.0000000000  1.0
  0.5833333333  0.9166666667  0.0000000000  1.0
  0.6666666667  0.9166666667  0.0000000000  1.0
  0.7500000000  0.9166666667  0.0000000000  1.0
  0.8333333333  0.9166666667  0.0000000000  1.0
  0.9166666667  0.9166666667  0.0000000000  1.0
