&CONTROL
  calculation   = 'nscf'
  prefix        = 'mos2'
  outdir        = './tmp'
  pseudo_dir    = '/home/haney411/wrk/qe/SSSP_1.3.0_PBE_efficiency'
/

&SYSTEM
  ibrav         = 4
  celldm(1)     = 5.9716
  celldm(3)     = 6.3293
  nat           = 3
  ntyp          = 2
  ecutwfc       = 50.0
  ecutrho       = 400.0
  nbnd          = 20
/

&ELECTRONS
  conv_thr        = 1.0d-12
  diagonalization = 'cg'
  diago_full_acc  = .true.
/

ATOMIC_SPECIES
  Mo  95.94   Mo_ONCV_PBE-1.0.oncvpsp.upf
  S   32.065  s_pbe_v1.4.uspp.F.UPF

ATOMIC_POSITIONS {crystal}
  Mo   0.333333333  0.666666667  0.500000
  S    0.666666667  0.333333333  0.578250
  S    0.666666667  0.333333333  0.421750

K_POINTS {crystal}
144
  0.0000000000  0.0000000000  0.0000000000  6.9444444444e-03
  0.0833333333  0.0000000000  0.0000000000  6.9444444444e-03
  0.1666666667  0.0000000000  0.0000000000  6.9444444444e-03
  0.2500000000  0.0000000000  0.0000000000  6.9444444444e-03
  0.3333333333  0.0000000000  0.0000000000  6.9444444444e-03
  0.4166666667  0.0000000000  0.0000000000  6.9444444444e-03
  0.5000000000  0.0000000000  0.0000000000  6.9444444444e-03
  0.5833333333  0.0000000000  0.0000000000  6.9444444444e-03
  0.6666666667  0.0000000000  0.0000000000  6.9444444444e-03
  0.7500000000  0.0000000000  0.0000000000  6.9444444444e-03
  0.8333333333  0.0000000000  0.0000000000  6.9444444444e-03
  0.9166666667  0.0000000000  0.0000000000  6.9444444444e-03
  0.0000000000  0.0833333333  0.0000000000  6.9444444444e-03
  0.0833333333  0.0833333333  0.0000000000  6.9444444444e-03
  0.1666666667  0.0833333333  0.0000000000  6.9444444444e-03
  0.2500000000  0.0833333333  0.0000000000  6.9444444444e-03
  0.3333333333  0.0833333333  0.0000000000  6.9444444444e-03
  0.4166666667  0.0833333333  0.0000000000  6.9444444444e-03
  0.5000000000  0.0833333333  0.0000000000  6.9444444444e-03
  0.5833333333  0.0833333333  0.0000000000  6.9444444444e-03
  0.6666666667  0.0833333333  0.0000000000  6.9444444444e-03
  0.7500000000  0.0833333333  0.0000000000  6.9444444444e-03
  0.8333333333  0.0833333333  0.0000000000  6.9444444444e-03
  0.9166666667  0.0833333333  0.0000000000  6.9444444444e-03
  0.0000000000  0.1666666667  0.0000000000  6.9444444444e-03
  0.0833333333  0.1666666667  0.0000000000  6.9444444444e-03
  0.1666666667  0.1666666667  0.0000000000  6.9444444444e-03
  0.2500000000  0.1666666667  0.0000000000  6.9444444444e-03
  0.3333333333  0.1666666667  0.0000000000  6.9444444444e-03
  0.4166666667  0.1666666667  0.0000000000  6.9444444444e-03
  0.5000000000  0.1666666667  0.0000000000  6.9444444444e-03
  0.5833333333  0.1666666667  0.0000000000  6.9444444444e-03
  0.6666666667  0.1666666667  0.0000000000  6.9444444444e-03
  0.7500000000  0.1666666667  0.0000000000  6.9444444444e-03
  0.8333333333  0.1666666667  0.0000000000  6.9444444444e-03
  0.9166666667  0.1666666667  0.0000000000  6.9444444444e-03
  0.0000000000  0.2500000000  0.0000000000  6.9444444444e-03
  0.0833333333  0.2500000000  0.0000000000  6.9444444444e-03
  0.1666666667  0.2500000000  0.0000000000  6.9444444444e-03
  0.2500000000  0.2500000000  0.0000000000  6.9444444444e-03
  0.3333333333  0.2500000000  0.0000000000  6.9444444444e-03
  0.4166666667  0.2500000000  0.0000000000  6.9444444444e-03
  0.5000000000  0.2500000000  0.0000000000  6.9444444444e-03
  0.5833333333  0.2500000000  0.0000000000  6.9444444444e-03
  0.6666666667  0.2500000000  0.0000000000  6.9444444444e-03
  0.7500000000  0.2500000000  0.0000000000  6.9444444444e-03
  0.8333333333  0.2500000000  0.0000000000  6.9444444444e-03
  0.9166666667  0.2500000000  0.0000000000  6.9444444444e-03
  0.0000000000  0.3333333333  0.0000000000  6.9444444444e-03
  0.0833333333  0.3333333333  0.0000000000  6.9444444444e-03
  0.1666666667  0.3333333333  0.0000000000  6.9444444444e-03
  0.2500000000  0.3333333333  0.0000000000  6.9444444444e-03
  0.3333333333  0.3333333333  0.0000000000  6.9444444444e-03
  0.4166666667  0.3333333333  0.0000000000  6.9444444444e-03
  0.5000000000  0.3333333333  0.0000000000  6.9444444444e-03
  0.5833333333  0.3333333333  0.0000000000  6.9444444444e-03
  0.6666666667  0.3333333333  0.0000000000  6.9444444444e-03
  0.7500000000  0.3333333333  0.0000000000  6.9444444444e-03
  0.8333333333  0.3333333333  0.0000000000  6.9444444444e-03
  0.9166666667  0.3333333333  0.0000000000  6.9444444444e-03
  0.0000000000  0.4166666667  0.0000000000  6.9444444444e-03
  0.0833333333  0.4166666667  0.0000000000  6.9444444444e-03
  0.1666666667  0.4166666667  0.0000000000  6.9444444444e-03
  0.2500000000  0.4166666667  0.0000000000  6.9444444444e-03
  0.3333333333  0.4166666667  0.0000000000  6.9444444444e-03
  0.4166666667  0.4166666667  0.0000000000  6.9444444444e-03
  0.5000000000  0.4166666667  0.0000000000  6.9444444444e-03
  0.5833333333  0.4166666667  0.0000000000  6.9444444444e-03
  0.6666666667  0.4166666667  0.0000000000  6.9444444444e-03
  0.7500000000  0.4166666667  0.0000000000  6.9444444444e-03
  0.8333333333  0.4166666667  0.0000000000  6.9444444444e-03
  0.9166666667  0.4166666667  0.0000000000  6.9444444444e-03
  0.0000000000  0.5000000000  0.0000000000  6.9444444444e-03
  0.0833333333  0.5000000000  0.0000000000  6.9444444444e-03
  0.1666666667  0.5000000000  0.0000000000  6.9444444444e-03
  0.2500000000  0.5000000000  0.0000000000  6.9444444444e-03
  0.3333333333  0.5000000000  0.0000000000  6.9444444444e-03
  0.4166666667  0.5000000000  0.0000000000  6.9444444444e-03
  0.5000000000  0.5000000000  0.0000000000  6.9444444444e-03
  0.5833333333  0.5000000000  0.0000000000  6.9444444444e-03
  0.6666666667  0.5000000000  0.0000000000  6.9444444444e-03
  0.7500000000  0.5000000000  0.0000000000  6.9444444444e-03
  0.8333333333  0.5000000000  0.0000000000  6.9444444444e-03
  0.9166666667  0.5000000000  0.0000000000  6.9444444444e-03
  0.0000000000  0.5833333333  0.0000000000  6.9444444444e-03
  0.0833333333  0.5833333333  0.0000000000  6.9444444444e-03
  0.1666666667  0.5833333333  0.0000000000  6.9444444444e-03
  0.2500000000  0.5833333333  0.0000000000  6.9444444444e-03
  0.3333333333  0.5833333333  0.0000000000  6.9444444444e-03
  0.4166666667  0.5833333333  0.0000000000  6.9444444444e-03
  0.5000000000  0.5833333333  0.0000000000  6.9444444444e-03
  0.5833333333  0.5833333333  0.0000000000  6.9444444444e-03
  0.6666666667  0.5833333333  0.0000000000  6.9444444444e-03
  0.7500000000  0.5833333333  0.0000000000  6.9444444444e-03
  0.8333333333  0.5833333333  0.0000000000  6.9444444444e-03
  0.9166666667  0.5833333333  0.0000000000  6.9444444444e-03
  0.0000000000  0.6666666667  0.0000000000  6.9444444444e-03
  0.0833333333  0.6666666667  0.0000000000  6.9444444444e-03
  0.1666666667  0.6666666667  0.0000000000  6.9444444444e-03
  0.2500000000  0.6666666667  0.0000000000  6.9444444444e-03
  0.3333333333  0.6666666667  0.0000000000  6.9444444444e-03
  0.4166666667  0.6666666667  0.0000000000  6.9444444444e-03
  0.5000000000  0.6666666667  0.0000000000  6.9444444444e-03
  0.5833333333  0.6666666667  0.0000000000  6.9444444444e-03
  0.6666666667  0.6666666667  0.0000000000  6.9444444444e-03
  0.7500000000  0.6666666667  0.0000000000  6.9444444444e-03
  0.8333333333  0.6666666667  0.0000000000  6.9444444444e-03
  0.9166666667  0.6666666667  0.0000000000  6.9444444444e-03
  0.0000000000  0.7500000000  0.0000000000  6.9444444444e-03
  0.0833333333  0.7500000000  0.0000000000  6.9444444444e-03
  0.1666666667  0.7500000000  0.0000000000  6.9444444444e-03
  0.2500000000  0.7500000000  0.0000000000  6.9444444444e-03
  0.3333333333  0.7500000000  0.0000000000  6.9444444444e-03
  0.4166666667  0.7500000000  0.0000000000  6.9444444444e-03
  0.5000000000  0.7500000000  0.0000000000  6.9444444444e-03
  0.5833333333  0.7500000000  0.0000000000  6.9444444444e-03
  0.6666666667  0.7500000000  0.0000000000  6.9444444444e-03
  0.7500000000  0.7500000000  0.0000000000  6.9444444444e-03
  0.8333333333  0.7500000000  0.0000000000  6.9444444444e-03
  0.9166666667  0.7500000000  0.0000000000  6.9444444444e-03
  0.0000000000  0.8333333333  0.0000000000  6.9444444444e-03
  0.0833333333  0.8333333333  0.0000000000  6.9444444444e-03
  0.1666666667  0.8333333333  0.0000000000  6.9444444444e-03
  0.2500000000  0.8333333333  0.0000000000  6.9444444444e-03
  0.3333333333  0.8333333333  0.0000000000  6.9444444444e-03
  0.4166666667  0.8333333333  0.0000000000  6.9444444444e-03
  0.5000000000  0.8333333333  0.0000000000  6.9444444444e-03
  0.5833333333  0.8333333333  0.0000000000  6.9444444444e-03
  0.6666666667  0.8333333333  0.0000000000  6.9444444444e-03
  0.7500000000  0.8333333333  0.0000000000  6.9444444444e-03
  0.8333333333  0.8333333333  0.0000000000  6.9444444444e-03
  0.9166666667  0.8333333333  0.0000000000  6.9444444444e-03
  0.0000000000  0.9166666667  0.0000000000  6.9444444444e-03
  0.0833333333  0.9166666667  0.0000000000  6.9444444444e-03
  0.1666666667  0.9166666667  0.0000000000  6.9444444444e-03
  0.2500000000  0.9166666667  0.0000000000  6.9444444444e-03
  0.3333333333  0.9166666667  0.0000000000  6.9444444444e-03
  0.4166666667  0.9166666667  0.0000000000  6.9444444444e-03
  0.5000000000  0.9166666667  0.0000000000  6.9444444444e-03
  0.5833333333  0.9166666667  0.0000000000  6.9444444444e-03
  0.6666666667  0.9166666667  0.0000000000  6.9444444444e-03
  0.7500000000  0.9166666667  0.0000000000  6.9444444444e-03
  0.8333333333  0.9166666667  0.0000000000  6.9444444444e-03
  0.9166666667  0.9166666667  0.0000000000  6.9444444444e-03
