&CONTROL
  calculation   = 'nscf'
  prefix        = 'silicon'
  outdir        = './tmp'
  pseudo_dir    = '/home/haney411/wrk/qe/SSSP_1.3.0_PBE_efficiency'
/

&SYSTEM
  ibrav         = 2
  celldm(1)     = 10.2
  nat           = 2
  ntyp          = 1
  ecutwfc       = 40.0
  ecutrho       = 320.0
  nbnd          = 12
/

&ELECTRONS
  conv_thr        = 1.0d-12
  diagonalization = 'cg'
  diago_full_acc  = .true.
/

ATOMIC_SPECIES
  Si  28.086  Si.pbe-n-rrkjus_psl.1.0.0.UPF

ATOMIC_POSITIONS {crystal}
  Si  -0.25   0.75  -0.25
  Si   0.00   0.00   0.00

K_POINTS {crystal}
64
  0.0000  0.0000   0.0000  1.562500e-02
  0.0000  0.2500   0.0000  1.562500e-02
  0.0000  0.5000   0.0000  1.562500e-02
  0.0000  0.7500   0.0000  1.562500e-02
  0.2500  0.0000   0.0000  1.562500e-02
  0.2500  0.2500   0.0000  1.562500e-02
  0.2500  0.5000   0.0000  1.562500e-02
  0.2500  0.7500   0.0000  1.562500e-02
  0.5000  0.0000   0.0000  1.562500e-02
  0.5000  0.2500   0.0000  1.562500e-02
  0.5000  0.5000   0.0000  1.562500e-02
  0.5000  0.7500   0.0000  1.562500e-02
  0.7500  0.0000   0.0000  1.562500e-02
  0.7500  0.2500   0.0000  1.562500e-02
  0.7500  0.5000   0.0000  1.562500e-02
  0.7500  0.7500   0.0000  1.562500e-02
  0.0000  0.0000   0.2500  1.562500e-02
  0.0000  0.2500   0.2500  1.562500e-02
  0.0000  0.5000   0.2500  1.562500e-02
  0.0000  0.7500   0.2500  1.562500e-02
  0.2500  0.0000   0.2500  1.562500e-02
  0.2500  0.2500   0.2500  1.562500e-02
  0.2500  0.5000   0.2500  1.562500e-02
  0.2500  0.7500   0.2500  1.562500e-02
  0.5000  0.0000   0.2500  1.562500e-02
  0.5000  0.2500   0.2500  1.562500e-02
  0.5000  0.5000   0.2500  1.562500e-02
  0.5000  0.7500   0.2500  1.562500e-02
  0.7500  0.0000   0.2500  1.562500e-02
  0.7500  0.2500   0.2500  1.562500e-02
  0.7500  0.5000   0.2500  1.562500e-02
  0.7500  0.7500   0.2500  1.562500e-02
  0.0000  0.0000   0.5000  1.562500e-02
  0.0000  0.2500   0.5000  1.562500e-02
  0.0000  0.5000   0.5000  1.562500e-02
  0.0000  0.7500   0.5000  1.562500e-02
  0.2500  0.0000   0.5000  1.562500e-02
  0.2500  0.2500   0.5000  1.562500e-02
  0.2500  0.5000   0.5000  1.562500e-02
  0.2500  0.7500   0.5000  1.562500e-02
  0.5000  0.0000   0.5000  1.562500e-02
  0.5000  0.2500   0.5000  1.562500e-02
  0.5000  0.5000   0.5000  1.562500e-02
  0.5000  0.7500   0.5000  1.562500e-02
  0.7500  0.0000   0.5000  1.562500e-02
  0.7500  0.2500   0.5000  1.562500e-02
  0.7500  0.5000   0.5000  1.562500e-02
  0.7500  0.7500   0.5000  1.562500e-02
  0.0000  0.0000   0.7500  1.562500e-02
  0.0000  0.2500   0.7500  1.562500e-02
  0.0000  0.5000   0.7500  1.562500e-02
  0.0000  0.7500   0.7500  1.562500e-02
  0.2500  0.0000   0.7500  1.562500e-02
  0.2500  0.2500   0.7500  1.562500e-02
  0.2500  0.5000   0.7500  1.562500e-02
  0.2500  0.7500   0.7500  1.562500e-02
  0.5000  0.0000   0.7500  1.562500e-02
  0.5000  0.2500   0.7500  1.562500e-02
  0.5000  0.5000   0.7500  1.562500e-02
  0.5000  0.7500   0.7500  1.562500e-02
  0.7500  0.0000   0.7500  1.562500e-02
  0.7500  0.2500   0.7500  1.562500e-02
  0.7500  0.5000   0.7500  1.562500e-02
  0.7500  0.7500   0.7500  1.562500e-02
