&CONTROL
  calculation = 'nscf'
  prefix      = 'wse2'
  outdir      = './tmp'
  pseudo_dir  = '/home/haney411/wrk/qe/SSSP_1.3.0_PBE_efficiency'
/
&SYSTEM
  ibrav       = 4
  celldm(1)   = 6.201524
  celldm(3)   = 6.093904
  nat         = 3
  ntyp        = 2
  ecutwfc     = 50
  ecutrho     = 400
  nbnd        = 20
  occupations = 'smearing'
  smearing    = 'cold'
  degauss     = 0.005
/
&ELECTRONS
  conv_thr       = 1.0d-8
  diago_full_acc = .true.
/
ATOMIC_SPECIES
  W  183.84   W_pbe_v1.2.uspp.F.UPF
  Se  78.96   Se_pbe_v1.uspp.F.UPF
ATOMIC_POSITIONS {crystal}
  W   0.333333333  0.666666667  0.500000000
  Se  0.666666667  0.333333333  0.583500000
  Se  0.666666667  0.333333333  0.416500000
K_POINTS {crystal}
225
  0.0000000000  0.0000000000  0.0000000000  0.0044444444
  0.0666666667  0.0000000000  0.0000000000  0.0044444444
  0.1333333333  0.0000000000  0.0000000000  0.0044444444
  0.2000000000  0.0000000000  0.0000000000  0.0044444444
  0.2666666667  0.0000000000  0.0000000000  0.0044444444
  0.3333333333  0.0000000000  0.0000000000  0.0044444444
  0.4000000000  0.0000000000  0.0000000000  0.0044444444
  0.4666666667  0.0000000000  0.0000000000  0.0044444444
  0.5333333333  0.0000000000  0.0000000000  0.0044444444
  0.6000000000  0.0000000000  0.0000000000  0.0044444444
  0.6666666667  0.0000000000  0.0000000000  0.0044444444
  0.7333333333  0.0000000000  0.0000000000  0.0044444444
  0.8000000000  0.0000000000  0.0000000000  0.0044444444
  0.8666666667  0.0000000000  0.0000000000  0.0044444444
  0.9333333333  0.0000000000  0.0000000000  0.0044444444
  0.0000000000  0.0666666667  0.0000000000  0.0044444444
  0.0666666667  0.0666666667  0.0000000000  0.0044444444
  0.1333333333  0.0666666667  0.0000000000  0.0044444444
  0.2000000000  0.0666666667  0.0000000000  0.0044444444
  0.2666666667  0.0666666667  0.0000000000  0.0044444444
  0.3333333333  0.0666666667  0.0000000000  0.0044444444
  0.4000000000  0.0666666667  0.0000000000  0.0044444444
  0.4666666667  0.0666666667  0.0000000000  0.0044444444
  0.5333333333  0.0666666667  0.0000000000  0.0044444444
  0.6000000000  0.0666666667  0.0000000000  0.0044444444
  0.6666666667  0.0666666667  0.0000000000  0.0044444444
  0.7333333333  0.0666666667  0.0000000000  0.0044444444
  0.8000000000  0.0666666667  0.0000000000  0.0044444444
  0.8666666667  0.0666666667  0.0000000000  0.0044444444
  0.9333333333  0.0666666667  0.0000000000  0.0044444444
  0.0000000000  0.1333333333  0.0000000000  0.0044444444
  0.0666666667  0.1333333333  0.0000000000  0.0044444444
  0.1333333333  0.1333333333  0.0000000000  0.0044444444
  0.2000000000  0.1333333333  0.0000000000  0.0044444444
  0.2666666667  0.1333333333  0.0000000000  0.0044444444
  0.3333333333  0.1333333333  0.0000000000  0.0044444444
  0.4000000000  0.1333333333  0.0000000000  0.0044444444
  0.4666666667  0.1333333333  0.0000000000  0.0044444444
  0.5333333333  0.1333333333  0.0000000000  0.0044444444
  0.6000000000  0.1333333333  0.0000000000  0.0044444444
  0.6666666667  0.1333333333  0.0000000000  0.0044444444
  0.7333333333  0.1333333333  0.0000000000  0.0044444444
  0.8000000000  0.1333333333  0.0000000000  0.0044444444
  0.8666666667  0.1333333333  0.0000000000  0.0044444444
  0.9333333333  0.1333333333  0.0000000000  0.0044444444
  0.0000000000  0.2000000000  0.0000000000  0.0044444444
  0.0666666667  0.2000000000  0.0000000000  0.0044444444
  0.1333333333  0.2000000000  0.0000000000  0.0044444444
  0.2000000000  0.2000000000  0.0000000000  0.0044444444
  0.2666666667  0.2000000000  0.0000000000  0.0044444444
  0.3333333333  0.2000000000  0.0000000000  0.0044444444
  0.4000000000  0.2000000000  0.0000000000  0.0044444444
  0.4666666667  0.2000000000  0.0000000000  0.0044444444
  0.5333333333  0.2000000000  0.0000000000  0.0044444444
  0.6000000000  0.2000000000  0.0000000000  0.0044444444
  0.6666666667  0.2000000000  0.0000000000  0.0044444444
  0.7333333333  0.2000000000  0.0000000000  0.0044444444
  0.8000000000  0.2000000000  0.0000000000  0.0044444444
  0.8666666667  0.2000000000  0.0000000000  0.0044444444
  0.9333333333  0.2000000000  0.0000000000  0.0044444444
  0.0000000000  0.2666666667  0.0000000000  0.0044444444
  0.0666666667  0.2666666667  0.0000000000  0.0044444444
  0.1333333333  0.2666666667  0.0000000000  0.0044444444
  0.2000000000  0.2666666667  0.0000000000  0.0044444444
  0.2666666667  0.2666666667  0.0000000000  0.0044444444
  0.3333333333  0.2666666667  0.0000000000  0.0044444444
  0.4000000000  0.2666666667  0.0000000000  0.0044444444
  0.4666666667  0.2666666667  0.0000000000  0.0044444444
  0.5333333333  0.2666666667  0.0000000000  0.0044444444
  0.6000000000  0.2666666667  0.0000000000  0.0044444444
  0.6666666667  0.2666666667  0.0000000000  0.0044444444
  0.7333333333  0.2666666667  0.0000000000  0.0044444444
  0.8000000000  0.2666666667  0.0000000000  0.0044444444
  0.8666666667  0.2666666667  0.0000000000  0.0044444444
  0.9333333333  0.2666666667  0.0000000000  0.0044444444
  0.0000000000  0.3333333333  0.0000000000  0.0044444444
  0.0666666667  0.3333333333  0.0000000000  0.0044444444
  0.1333333333  0.3333333333  0.0000000000  0.0044444444
  0.2000000000  0.3333333333  0.0000000000  0.0044444444
  0.2666666667  0.3333333333  0.0000000000  0.0044444444
  0.3333333333  0.3333333333  0.0000000000  0.0044444444
  0.4000000000  0.3333333333  0.0000000000  0.0044444444
  0.4666666667  0.3333333333  0.0000000000  0.0044444444
  0.5333333333  0.3333333333  0.0000000000  0.0044444444
  0.6000000000  0.3333333333  0.0000000000  0.0044444444
  0.6666666667  0.3333333333  0.0000000000  0.0044444444
  0.7333333333  0.3333333333  0.0000000000  0.0044444444
  0.8000000000  0.3333333333  0.0000000000  0.0044444444
  0.8666666667  0.3333333333  0.0000000000  0.0044444444
  0.9333333333  0.3333333333  0.0000000000  0.0044444444
  0.0000000000  0.4000000000  0.0000000000  0.0044444444
  0.0666666667  0.4000000000  0.0000000000  0.0044444444
  0.1333333333  0.4000000000  0.0000000000  0.0044444444
  0.2000000000  0.4000000000  0.0000000000  0.0044444444
  0.2666666667  0.4000000000  0.0000000000  0.0044444444
  0.3333333333  0.4000000000  0.0000000000  0.0044444444
  0.4000000000  0.4000000000  0.0000000000  0.0044444444
  0.4666666667  0.4000000000  0.0000000000  0.0044444444
  0.5333333333  0.4000000000  0.0000000000  0.0044444444
  0.6000000000  0.4000000000  0.0000000000  0.0044444444
  0.6666666667  0.4000000000  0.0000000000  0.0044444444
  0.7333333333  0.4000000000  0.0000000000  0.0044444444
  0.8000000000  0.4000000000  0.0000000000  0.0044444444
  0.8666666667  0.4000000000  0.0000000000  0.0044444444
  0.9333333333  0.4000000000  0.0000000000  0.0044444444
  0.0000000000  0.4666666667  0.0000000000  0.0044444444
  0.0666666667  0.4666666667  0.0000000000  0.0044444444
  0.1333333333  0.4666666667  0.0000000000  0.0044444444
  0.2000000000  0.4666666667  0.0000000000  0.0044444444
  0.2666666667  0.4666666667  0.0000000000  0.0044444444
  0.3333333333  0.4666666667  0.0000000000  0.0044444444
  0.4000000000  0.4666666667  0.0000000000  0.0044444444
  0.4666666667  0.4666666667  0.0000000000  0.0044444444
  0.5333333333  0.4666666667  0.0000000000  0.0044444444
  0.6000000000  0.4666666667  0.0000000000  0.0044444444
  0.6666666667  0.4666666667  0.0000000000  0.0044444444
  0.7333333333  0.4666666667  0.0000000000  0.0044444444
  0.8000000000  0.4666666667  0.0000000000  0.0044444444
  0.8666666667  0.4666666667  0.0000000000  0.0044444444
  0.9333333333  0.4666666667  0.0000000000  0.0044444444
  0.0000000000  0.5333333333  0.0000000000  0.0044444444
  0.0666666667  0.5333333333  0.0000000000  0.0044444444
  0.1333333333  0.5333333333  0.0000000000  0.0044444444
  0.2000000000  0.5333333333  0.0000000000  0.0044444444
  0.2666666667  0.5333333333  0.0000000000  0.0044444444
  0.3333333333  0.5333333333  0.0000000000  0.0044444444
  0.4000000000  0.5333333333  0.0000000000  0.0044444444
  0.4666666667  0.5333333333  0.0000000000  0.0044444444
  0.5333333333  0.5333333333  0.0000000000  0.0044444444
  0.6000000000  0.5333333333  0.0000000000  0.0044444444
  0.6666666667  0.5333333333  0.0000000000  0.0044444444
  0.7333333333  0.5333333333  0.0000000000  0.0044444444
  0.8000000000  0.5333333333  0.0000000000  0.0044444444
  0.8666666667  0.5333333333  0.0000000000  0.0044444444
  0.9333333333  0.5333333333  0.0000000000  0.0044444444
  0.0000000000  0.6000000000  0.0000000000  0.0044444444
  0.0666666667  0.6000000000  0.0000000000  0.0044444444
  0.1333333333  0.6000000000  0.0000000000  0.0044444444
  0.2000000000  0.6000000000  0.0000000000  0.0044444444
  0.2666666667  0.6000000000  0.0000000000  0.0044444444
  0.3333333333  0.6000000000  0.0000000000  0.0044444444
  0.4000000000  0.6000000000  0.0000000000  0.0044444444
  0.4666666667  0.6000000000  0.0000000000  0.0044444444
  0.5333333333  0.6000000000  0.0000000000  0.0044444444
  0.6000000000  0.6000000000  0.0000000000  0.0044444444
  0.6666666667  0.6000000000  0.0000000000  0.0044444444
  0.7333333333  0.6000000000  0.0000000000  0.0044444444
  0.8000000000  0.6000000000  0.0000000000  0.0044444444
  0.8666666667  0.6000000000  0.0000000000  0.0044444444
  0.9333333333  0.6000000000  0.0000000000  0.0044444444
  0.0000000000  0.6666666667  0.0000000000  0.0044444444
  0.0666666667  0.6666666667  0.0000000000  0.0044444444
  0.1333333333  0.6666666667  0.0000000000  0.0044444444
  0.2000000000  0.6666666667  0.0000000000  0.0044444444
  0.2666666667  0.6666666667  0.0000000000  0.0044444444
  0.3333333333  0.6666666667  0.0000000000  0.0044444444
  0.4000000000  0.6666666667  0.0000000000  0.0044444444
  0.4666666667  0.6666666667  0.0000000000  0.0044444444
  0.5333333333  0.6666666667  0.0000000000  0.0044444444
  0.6000000000  0.6666666667  0.0000000000  0.0044444444
  0.6666666667  0.6666666667  0.0000000000  0.0044444444
  0.7333333333  0.6666666667  0.0000000000  0.0044444444
  0.8000000000  0.6666666667  0.0000000000  0.0044444444
  0.8666666667  0.6666666667  0.0000000000  0.0044444444
  0.9333333333  0.6666666667  0.0000000000  0.0044444444
  0.0000000000  0.7333333333  0.0000000000  0.0044444444
  0.0666666667  0.7333333333  0.0000000000  0.0044444444
  0.1333333333  0.7333333333  0.0000000000  0.0044444444
  0.2000000000  0.7333333333  0.0000000000  0.0044444444
  0.2666666667  0.7333333333  0.0000000000  0.0044444444
  0.3333333333  0.7333333333  0.0000000000  0.0044444444
  0.4000000000  0.7333333333  0.0000000000  0.0044444444
  0.4666666667  0.7333333333  0.0000000000  0.0044444444
  0.5333333333  0.7333333333  0.0000000000  0.0044444444
  0.6000000000  0.7333333333  0.0000000000  0.0044444444
  0.6666666667  0.7333333333  0.0000000000  0.0044444444
  0.7333333333  0.7333333333  0.0000000000  0.0044444444
  0.8000000000  0.7333333333  0.0000000000  0.0044444444
  0.8666666667  0.7333333333  0.0000000000  0.0044444444
  0.9333333333  0.7333333333  0.0000000000  0.0044444444
  0.0000000000  0.8000000000  0.0000000000  0.0044444444
  0.0666666667  0.8000000000  0.0000000000  0.0044444444
  0.1333333333  0.8000000000  0.0000000000  0.0044444444
  0.2000000000  0.8000000000  0.0000000000  0.0044444444
  0.2666666667  0.8000000000  0.0000000000  0.0044444444
  0.3333333333  0.8000000000  0.0000000000  0.0044444444
  0.4000000000  0.8000000000  0.0000000000  0.0044444444
  0.4666666667  0.8000000000  0.0000000000  0.0044444444
  0.5333333333  0.8000000000  0.0000000000  0.0044444444
  0.6000000000  0.8000000000  0.0000000000  0.0044444444
  0.6666666667  0.8000000000  0.0000000000  0.0044444444
  0.7333333333  0.8000000000  0.0000000000  0.0044444444
  0.8000000000  0.8000000000  0.0000000000  0.0044444444
  0.8666666667  0.8000000000  0.0000000000  0.0044444444
  0.9333333333  0.8000000000  0.0000000000  0.0044444444
  0.0000000000  0.8666666667  0.0000000000  0.0044444444
  0.0666666667  0.8666666667  0.0000000000  0.0044444444
  0.1333333333  0.8666666667  0.0000000000  0.0044444444
  0.2000000000  0.8666666667  0.0000000000  0.0044444444
  0.2666666667  0.8666666667  0.0000000000  0.0044444444
  0.3333333333  0.8666666667  0.0000000000  0.0044444444
  0.4000000000  0.8666666667  0.0000000000  0.0044444444
  0.4666666667  0.8666666667  0.0000000000  0.0044444444
  0.5333333333  0.8666666667  0.0000000000  0.0044444444
  0.6000000000  0.8666666667  0.0000000000  0.0044444444
  0.6666666667  0.8666666667  0.0000000000  0.0044444444
  0.7333333333  0.8666666667  0.0000000000  0.0044444444
  0.8000000000  0.8666666667  0.0000000000  0.0044444444
  0.8666666667  0.8666666667  0.0000000000  0.0044444444
  0.9333333333  0.8666666667  0.0000000000  0.0044444444
  0.0000000000  0.9333333333  0.0000000000  0.0044444444
  0.0666666667  0.9333333333  0.0000000000  0.0044444444
  0.1333333333  0.9333333333  0.0000000000  0.0044444444
  0.2000000000  0.9333333333  0.0000000000  0.0044444444
  0.2666666667  0.9333333333  0.0000000000  0.0044444444
  0.3333333333  0.9333333333  0.0000000000  0.0044444444
  0.4000000000  0.9333333333  0.0000000000  0.0044444444
  0.4666666667  0.9333333333  0.0000000000  0.0044444444
  0.5333333333  0.9333333333  0.0000000000  0.0044444444
  0.6000000000  0.9333333333  0.0000000000  0.0044444444
  0.6666666667  0.9333333333  0.0000000000  0.0044444444
  0.7333333333  0.9333333333  0.0000000000  0.0044444444
  0.8000000000  0.9333333333  0.0000000000  0.0044444444
  0.8666666667  0.9333333333  0.0000000000  0.0044444444
  0.9333333333  0.9333333333  0.0000000000  0.0044444444
