&CONTROL
  calculation = 'nscf'
  prefix      = 'wte2'
  outdir      = './tmp'
  pseudo_dir  = '/home/haney411/wrk/qe/SSSP_1.3.0_PBE_efficiency'
/
&SYSTEM
  ibrav       = 4
  celldm(1)   = 6.727870
  celldm(3)   = 5.617978
  nat         = 3
  ntyp        = 2
  ecutwfc     = 50
  ecutrho     = 400
  nbnd        = 20
  occupations = 'smearing'
  smearing    = 'cold'
  degauss     = 0.005
/
&ELECTRONS
  conv_thr       = 1.0d-8
  diago_full_acc = .true.
/
ATOMIC_SPECIES
  W  183.84   W_pbe_v1.2.uspp.F.UPF
  Te 127.60   Te_pbe_v1.uspp.F.UPF
ATOMIC_POSITIONS {crystal}
  W   0.333333333  0.666666667  0.500000000
  Te  0.666666667  0.333333333  0.586800000
  Te  0.666666667  0.333333333  0.413200000
K_POINTS {crystal}
324
  0.0000000000  0.0000000000  0.0000000000  0.0030864198
  0.0555555556  0.0000000000  0.0000000000  0.0030864198
  0.1111111111  0.0000000000  0.0000000000  0.0030864198
  0.1666666667  0.0000000000  0.0000000000  0.0030864198
  0.2222222222  0.0000000000  0.0000000000  0.0030864198
  0.2777777778  0.0000000000  0.0000000000  0.0030864198
  0.3333333333  0.0000000000  0.0000000000  0.0030864198
  0.3888888889  0.0000000000  0.0000000000  0.0030864198
  0.4444444444  0.0000000000  0.0000000000  0.0030864198
  0.5000000000  0.0000000000  0.0000000000  0.0030864198
  0.5555555556  0.0000000000  0.0000000000  0.0030864198
  0.6111111111  0.0000000000  0.0000000000  0.0030864198
  0.6666666667  0.0000000000  0.0000000000  0.0030864198
  0.7222222222  0.0000000000  0.0000000000  0.0030864198
  0.7777777778  0.0000000000  0.0000000000  0.0030864198
  0.8333333333  0.0000000000  0.0000000000  0.0030864198
  0.8888888889  0.0000000000  0.0000000000  0.0030864198
  0.9444444444  0.0000000000  0.0000000000  0.0030864198
  0.0000000000  0.0555555556  0.0000000000  0.0030864198
  0.0555555556  0.0555555556  0.0000000000  0.0030864198
  0.1111111111  0.0555555556  0.0000000000  0.0030864198
  0.1666666667  0.0555555556  0.0000000000  0.0030864198
  0.2222222222  0.0555555556  0.0000000000  0.0030864198
  0.2777777778  0.0555555556  0.0000000000  0.0030864198
  0.3333333333  0.0555555556  0.0000000000  0.0030864198
  0.3888888889  0.0555555556  0.0000000000  0.0030864198
  0.4444444444  0.0555555556  0.0000000000  0.0030864198
  0.5000000000  0.0555555556  0.0000000000  0.0030864198
  0.5555555556  0.0555555556  0.0000000000  0.0030864198
  0.6111111111  0.0555555556  0.0000000000  0.0030864198
  0.6666666667  0.0555555556  0.0000000000  0.0030864198
  0.7222222222  0.0555555556  0.0000000000  0.0030864198
  0.7777777778  0.0555555556  0.0000000000  0.0030864198
  0.8333333333  0.0555555556  0.0000000000  0.0030864198
  0.8888888889  0.0555555556  0.0000000000  0.0030864198
  0.9444444444  0.0555555556  0.0000000000  0.0030864198
  0.0000000000  0.1111111111  0.0000000000  0.0030864198
  0.0555555556  0.1111111111  0.0000000000  0.0030864198
  0.1111111111  0.1111111111  0.0000000000  0.0030864198
  0.1666666667  0.1111111111  0.0000000000  0.0030864198
  0.2222222222  0.1111111111  0.0000000000  0.0030864198
  0.2777777778  0.1111111111  0.0000000000  0.0030864198
  0.3333333333  0.1111111111  0.0000000000  0.0030864198
  0.3888888889  0.1111111111  0.0000000000  0.0030864198
  0.4444444444  0.1111111111  0.0000000000  0.0030864198
  0.5000000000  0.1111111111  0.0000000000  0.0030864198
  0.5555555556  0.1111111111  0.0000000000  0.0030864198
  0.6111111111  0.1111111111  0.0000000000  0.0030864198
  0.6666666667  0.1111111111  0.0000000000  0.0030864198
  0.7222222222  0.1111111111  0.0000000000  0.0030864198
  0.7777777778  0.1111111111  0.0000000000  0.0030864198
  0.8333333333  0.1111111111  0.0000000000  0.0030864198
  0.8888888889  0.1111111111  0.0000000000  0.0030864198
  0.9444444444  0.1111111111  0.0000000000  0.0030864198
  0.0000000000  0.1666666667  0.0000000000  0.0030864198
  0.0555555556  0.1666666667  0.0000000000  0.0030864198
  0.1111111111  0.1666666667  0.0000000000  0.0030864198
  0.1666666667  0.1666666667  0.0000000000  0.0030864198
  0.2222222222  0.1666666667  0.0000000000  0.0030864198
  0.2777777778  0.1666666667  0.0000000000  0.0030864198
  0.3333333333  0.1666666667  0.0000000000  0.0030864198
  0.3888888889  0.1666666667  0.0000000000  0.0030864198
  0.4444444444  0.1666666667  0.0000000000  0.0030864198
  0.5000000000  0.1666666667  0.0000000000  0.0030864198
  0.5555555556  0.1666666667  0.0000000000  0.0030864198
  0.6111111111  0.1666666667  0.0000000000  0.0030864198
  0.6666666667  0.1666666667  0.0000000000  0.0030864198
  0.7222222222  0.1666666667  0.0000000000  0.0030864198
  0.7777777778  0.1666666667  0.0000000000  0.0030864198
  0.8333333333  0.1666666667  0.0000000000  0.0030864198
  0.8888888889  0.1666666667  0.0000000000  0.0030864198
  0.9444444444  0.1666666667  0.0000000000  0.0030864198
  0.0000000000  0.2222222222  0.0000000000  0.0030864198
  0.0555555556  0.2222222222  0.0000000000  0.0030864198
  0.1111111111  0.2222222222  0.0000000000  0.0030864198
  0.1666666667  0.2222222222  0.0000000000  0.0030864198
  0.2222222222  0.2222222222  0.0000000000  0.0030864198
  0.2777777778  0.2222222222  0.0000000000  0.0030864198
  0.3333333333  0.2222222222  0.0000000000  0.0030864198
  0.3888888889  0.2222222222  0.0000000000  0.0030864198
  0.4444444444  0.2222222222  0.0000000000  0.0030864198
  0.5000000000  0.2222222222  0.0000000000  0.0030864198
  0.5555555556  0.2222222222  0.0000000000  0.0030864198
  0.6111111111  0.2222222222  0.0000000000  0.0030864198
  0.6666666667  0.2222222222  0.0000000000  0.0030864198
  0.7222222222  0.2222222222  0.0000000000  0.0030864198
  0.7777777778  0.2222222222  0.0000000000  0.0030864198
  0.8333333333  0.2222222222  0.0000000000  0.0030864198
  0.8888888889  0.2222222222  0.0000000000  0.0030864198
  0.9444444444  0.2222222222  0.0000000000  0.0030864198
  0.0000000000  0.2777777778  0.0000000000  0.0030864198
  0.0555555556  0.2777777778  0.0000000000  0.0030864198
  0.1111111111  0.2777777778  0.0000000000  0.0030864198
  0.1666666667  0.2777777778  0.0000000000  0.0030864198
  0.2222222222  0.2777777778  0.0000000000  0.0030864198
  0.2777777778  0.2777777778  0.0000000000  0.0030864198
  0.3333333333  0.2777777778  0.0000000000  0.0030864198
  0.3888888889  0.2777777778  0.0000000000  0.0030864198
  0.4444444444  0.2777777778  0.0000000000  0.0030864198
  0.5000000000  0.2777777778  0.0000000000  0.0030864198
  0.5555555556  0.2777777778  0.0000000000  0.0030864198
  0.6111111111  0.2777777778  0.0000000000  0.0030864198
  0.6666666667  0.2777777778  0.0000000000  0.0030864198
  0.7222222222  0.2777777778  0.0000000000  0.0030864198
  0.7777777778  0.2777777778  0.0000000000  0.0030864198
  0.8333333333  0.2777777778  0.0000000000  0.0030864198
  0.8888888889  0.2777777778  0.0000000000  0.0030864198
  0.9444444444  0.2777777778  0.0000000000  0.0030864198
  0.0000000000  0.3333333333  0.0000000000  0.0030864198
  0.0555555556  0.3333333333  0.0000000000  0.0030864198
  0.1111111111  0.3333333333  0.0000000000  0.0030864198
  0.1666666667  0.3333333333  0.0000000000  0.0030864198
  0.2222222222  0.3333333333  0.0000000000  0.0030864198
  0.2777777778  0.3333333333  0.0000000000  0.0030864198
  0.3333333333  0.3333333333  0.0000000000  0.0030864198
  0.3888888889  0.3333333333  0.0000000000  0.0030864198
  0.4444444444  0.3333333333  0.0000000000  0.0030864198
  0.5000000000  0.3333333333  0.0000000000  0.0030864198
  0.5555555556  0.3333333333  0.0000000000  0.0030864198
  0.6111111111  0.3333333333  0.0000000000  0.0030864198
  0.6666666667  0.3333333333  0.0000000000  0.0030864198
  0.7222222222  0.3333333333  0.0000000000  0.0030864198
  0.7777777778  0.3333333333  0.0000000000  0.0030864198
  0.8333333333  0.3333333333  0.0000000000  0.0030864198
  0.8888888889  0.3333333333  0.0000000000  0.0030864198
  0.9444444444  0.3333333333  0.0000000000  0.0030864198
  0.0000000000  0.3888888889  0.0000000000  0.0030864198
  0.0555555556  0.3888888889  0.0000000000  0.0030864198
  0.1111111111  0.3888888889  0.0000000000  0.0030864198
  0.1666666667  0.3888888889  0.0000000000  0.0030864198
  0.2222222222  0.3888888889  0.0000000000  0.0030864198
  0.2777777778  0.3888888889  0.0000000000  0.0030864198
  0.3333333333  0.3888888889  0.0000000000  0.0030864198
  0.3888888889  0.3888888889  0.0000000000  0.0030864198
  0.4444444444  0.3888888889  0.0000000000  0.0030864198
  0.5000000000  0.3888888889  0.0000000000  0.0030864198
  0.5555555556  0.3888888889  0.0000000000  0.0030864198
  0.6111111111  0.3888888889  0.0000000000  0.0030864198
  0.6666666667  0.3888888889  0.0000000000  0.0030864198
  0.7222222222  0.3888888889  0.0000000000  0.0030864198
  0.7777777778  0.3888888889  0.0000000000  0.0030864198
  0.8333333333  0.3888888889  0.0000000000  0.0030864198
  0.8888888889  0.3888888889  0.0000000000  0.0030864198
  0.9444444444  0.3888888889  0.0000000000  0.0030864198
  0.0000000000  0.4444444444  0.0000000000  0.0030864198
  0.0555555556  0.4444444444  0.0000000000  0.0030864198
  0.1111111111  0.4444444444  0.0000000000  0.0030864198
  0.1666666667  0.4444444444  0.0000000000  0.0030864198
  0.2222222222  0.4444444444  0.0000000000  0.0030864198
  0.2777777778  0.4444444444  0.0000000000  0.0030864198
  0.3333333333  0.4444444444  0.0000000000  0.0030864198
  0.3888888889  0.4444444444  0.0000000000  0.0030864198
  0.4444444444  0.4444444444  0.0000000000  0.0030864198
  0.5000000000  0.4444444444  0.0000000000  0.0030864198
  0.5555555556  0.4444444444  0.0000000000  0.0030864198
  0.6111111111  0.4444444444  0.0000000000  0.0030864198
  0.6666666667  0.4444444444  0.0000000000  0.0030864198
  0.7222222222  0.4444444444  0.0000000000  0.0030864198
  0.7777777778  0.4444444444  0.0000000000  0.0030864198
  0.8333333333  0.4444444444  0.0000000000  0.0030864198
  0.8888888889  0.4444444444  0.0000000000  0.0030864198
  0.9444444444  0.4444444444  0.0000000000  0.0030864198
  0.0000000000  0.5000000000  0.0000000000  0.0030864198
  0.0555555556  0.5000000000  0.0000000000  0.0030864198
  0.1111111111  0.5000000000  0.0000000000  0.0030864198
  0.1666666667  0.5000000000  0.0000000000  0.0030864198
  0.2222222222  0.5000000000  0.0000000000  0.0030864198
  0.2777777778  0.5000000000  0.0000000000  0.0030864198
  0.3333333333  0.5000000000  0.0000000000  0.0030864198
  0.3888888889  0.5000000000  0.0000000000  0.0030864198
  0.4444444444  0.5000000000  0.0000000000  0.0030864198
  0.5000000000  0.5000000000  0.0000000000  0.0030864198
  0.5555555556  0.5000000000  0.0000000000  0.0030864198
  0.6111111111  0.5000000000  0.0000000000  0.0030864198
  0.6666666667  0.5000000000  0.0000000000  0.0030864198
  0.7222222222  0.5000000000  0.0000000000  0.0030864198
  0.7777777778  0.5000000000  0.0000000000  0.0030864198
  0.8333333333  0.5000000000  0.0000000000  0.0030864198
  0.8888888889  0.5000000000  0.0000000000  0.0030864198
  0.9444444444  0.5000000000  0.0000000000  0.0030864198
  0.0000000000  0.5555555556  0.0000000000  0.0030864198
  0.0555555556  0.5555555556  0.0000000000  0.0030864198
  0.1111111111  0.5555555556  0.0000000000  0.0030864198
  0.1666666667  0.5555555556  0.0000000000  0.0030864198
  0.2222222222  0.5555555556  0.0000000000  0.0030864198
  0.2777777778  0.5555555556  0.0000000000  0.0030864198
  0.3333333333  0.5555555556  0.0000000000  0.0030864198
  0.3888888889  0.5555555556  0.0000000000  0.0030864198
  0.4444444444  0.5555555556  0.0000000000  0.0030864198
  0.5000000000  0.5555555556  0.0000000000  0.0030864198
  0.5555555556  0.5555555556  0.0000000000  0.0030864198
  0.6111111111  0.5555555556  0.0000000000  0.0030864198
  0.6666666667  0.5555555556  0.0000000000  0.0030864198
  0.7222222222  0.5555555556  0.0000000000  0.0030864198
  0.7777777778  0.5555555556  0.0000000000  0.0030864198
  0.8333333333  0.5555555556  0.0000000000  0.0030864198
  0.8888888889  0.5555555556  0.0000000000  0.0030864198
  0.9444444444  0.5555555556  0.0000000000  0.0030864198
  0.0000000000  0.6111111111  0.0000000000  0.0030864198
  0.0555555556  0.6111111111  0.0000000000  0.0030864198
  0.1111111111  0.6111111111  0.0000000000  0.0030864198
  0.1666666667  0.6111111111  0.0000000000  0.0030864198
  0.2222222222  0.6111111111  0.0000000000  0.0030864198
  0.2777777778  0.6111111111  0.0000000000  0.0030864198
  0.3333333333  0.6111111111  0.0000000000  0.0030864198
  0.3888888889  0.6111111111  0.0000000000  0.0030864198
  0.4444444444  0.6111111111  0.0000000000  0.0030864198
  0.5000000000  0.6111111111  0.0000000000  0.0030864198
  0.5555555556  0.6111111111  0.0000000000  0.0030864198
  0.6111111111  0.6111111111  0.0000000000  0.0030864198
  0.6666666667  0.6111111111  0.0000000000  0.0030864198
  0.7222222222  0.6111111111  0.0000000000  0.0030864198
  0.7777777778  0.6111111111  0.0000000000  0.0030864198
  0.8333333333  0.6111111111  0.0000000000  0.0030864198
  0.8888888889  0.6111111111  0.0000000000  0.0030864198
  0.9444444444  0.6111111111  0.0000000000  0.0030864198
  0.0000000000  0.6666666667  0.0000000000  0.0030864198
  0.0555555556  0.6666666667  0.0000000000  0.0030864198
  0.1111111111  0.6666666667  0.0000000000  0.0030864198
  0.1666666667  0.6666666667  0.0000000000  0.0030864198
  0.2222222222  0.6666666667  0.0000000000  0.0030864198
  0.2777777778  0.6666666667  0.0000000000  0.0030864198
  0.3333333333  0.6666666667  0.0000000000  0.0030864198
  0.3888888889  0.6666666667  0.0000000000  0.0030864198
  0.4444444444  0.6666666667  0.0000000000  0.0030864198
  0.5000000000  0.6666666667  0.0000000000  0.0030864198
  0.5555555556  0.6666666667  0.0000000000  0.0030864198
  0.6111111111  0.6666666667  0.0000000000  0.0030864198
  0.6666666667  0.6666666667  0.0000000000  0.0030864198
  0.7222222222  0.6666666667  0.0000000000  0.0030864198
  0.7777777778  0.6666666667  0.0000000000  0.0030864198
  0.8333333333  0.6666666667  0.0000000000  0.0030864198
  0.8888888889  0.6666666667  0.0000000000  0.0030864198
  0.9444444444  0.6666666667  0.0000000000  0.0030864198
  0.0000000000  0.7222222222  0.0000000000  0.0030864198
  0.0555555556  0.7222222222  0.0000000000  0.0030864198
  0.1111111111  0.7222222222  0.0000000000  0.0030864198
  0.1666666667  0.7222222222  0.0000000000  0.0030864198
  0.2222222222  0.7222222222  0.0000000000  0.0030864198
  0.2777777778  0.7222222222  0.0000000000  0.0030864198
  0.3333333333  0.7222222222  0.0000000000  0.0030864198
  0.3888888889  0.7222222222  0.0000000000  0.0030864198
  0.4444444444  0.7222222222  0.0000000000  0.0030864198
  0.5000000000  0.7222222222  0.0000000000  0.0030864198
  0.5555555556  0.7222222222  0.0000000000  0.0030864198
  0.6111111111  0.7222222222  0.0000000000  0.0030864198
  0.6666666667  0.7222222222  0.0000000000  0.0030864198
  0.7222222222  0.7222222222  0.0000000000  0.0030864198
  0.7777777778  0.7222222222  0.0000000000  0.0030864198
  0.8333333333  0.7222222222  0.0000000000  0.0030864198
  0.8888888889  0.7222222222  0.0000000000  0.0030864198
  0.9444444444  0.7222222222  0.0000000000  0.0030864198
  0.0000000000  0.7777777778  0.0000000000  0.0030864198
  0.0555555556  0.7777777778  0.0000000000  0.0030864198
  0.1111111111  0.7777777778  0.0000000000  0.0030864198
  0.1666666667  0.7777777778  0.0000000000  0.0030864198
  0.2222222222  0.7777777778  0.0000000000  0.0030864198
  0.2777777778  0.7777777778  0.0000000000  0.0030864198
  0.3333333333  0.7777777778  0.0000000000  0.0030864198
  0.3888888889  0.7777777778  0.0000000000  0.0030864198
  0.4444444444  0.7777777778  0.0000000000  0.0030864198
  0.5000000000  0.7777777778  0.0000000000  0.0030864198
  0.5555555556  0.7777777778  0.0000000000  0.0030864198
  0.6111111111  0.7777777778  0.0000000000  0.0030864198
  0.6666666667  0.7777777778  0.0000000000  0.0030864198
  0.7222222222  0.7777777778  0.0000000000  0.0030864198
  0.7777777778  0.7777777778  0.0000000000  0.0030864198
  0.8333333333  0.7777777778  0.0000000000  0.0030864198
  0.8888888889  0.7777777778  0.0000000000  0.0030864198
  0.9444444444  0.7777777778  0.0000000000  0.0030864198
  0.0000000000  0.8333333333  0.0000000000  0.0030864198
  0.0555555556  0.8333333333  0.0000000000  0.0030864198
  0.1111111111  0.8333333333  0.0000000000  0.0030864198
  0.1666666667  0.8333333333  0.0000000000  0.0030864198
  0.2222222222  0.8333333333  0.0000000000  0.0030864198
  0.2777777778  0.8333333333  0.0000000000  0.0030864198
  0.3333333333  0.8333333333  0.0000000000  0.0030864198
  0.3888888889  0.8333333333  0.0000000000  0.0030864198
  0.4444444444  0.8333333333  0.0000000000  0.0030864198
  0.5000000000  0.8333333333  0.0000000000  0.0030864198
  0.5555555556  0.8333333333  0.0000000000  0.0030864198
  0.6111111111  0.8333333333  0.0000000000  0.0030864198
  0.6666666667  0.8333333333  0.0000000000  0.0030864198
  0.7222222222  0.8333333333  0.0000000000  0.0030864198
  0.7777777778  0.8333333333  0.0000000000  0.0030864198
  0.8333333333  0.8333333333  0.0000000000  0.0030864198
  0.8888888889  0.8333333333  0.0000000000  0.0030864198
  0.9444444444  0.8333333333  0.0000000000  0.0030864198
  0.0000000000  0.8888888889  0.0000000000  0.0030864198
  0.0555555556  0.8888888889  0.0000000000  0.0030864198
  0.1111111111  0.8888888889  0.0000000000  0.0030864198
  0.1666666667  0.8888888889  0.0000000000  0.0030864198
  0.2222222222  0.8888888889  0.0000000000  0.0030864198
  0.2777777778  0.8888888889  0.0000000000  0.0030864198
  0.3333333333  0.8888888889  0.0000000000  0.0030864198
  0.3888888889  0.8888888889  0.0000000000  0.0030864198
  0.4444444444  0.8888888889  0.0000000000  0.0030864198
  0.5000000000  0.8888888889  0.0000000000  0.0030864198
  0.5555555556  0.8888888889  0.0000000000  0.0030864198
  0.6111111111  0.8888888889  0.0000000000  0.0030864198
  0.6666666667  0.8888888889  0.0000000000  0.0030864198
  0.7222222222  0.8888888889  0.0000000000  0.0030864198
  0.7777777778  0.8888888889  0.0000000000  0.0030864198
  0.8333333333  0.8888888889  0.0000000000  0.0030864198
  0.8888888889  0.8888888889  0.0000000000  0.0030864198
  0.9444444444  0.8888888889  0.0000000000  0.0030864198
  0.0000000000  0.9444444444  0.0000000000  0.0030864198
  0.0555555556  0.9444444444  0.0000000000  0.0030864198
  0.1111111111  0.9444444444  0.0000000000  0.0030864198
  0.1666666667  0.9444444444  0.0000000000  0.0030864198
  0.2222222222  0.9444444444  0.0000000000  0.0030864198
  0.2777777778  0.9444444444  0.0000000000  0.0030864198
  0.3333333333  0.9444444444  0.0000000000  0.0030864198
  0.3888888889  0.9444444444  0.0000000000  0.0030864198
  0.4444444444  0.9444444444  0.0000000000  0.0030864198
  0.5000000000  0.9444444444  0.0000000000  0.0030864198
  0.5555555556  0.9444444444  0.0000000000  0.0030864198
  0.6111111111  0.9444444444  0.0000000000  0.0030864198
  0.6666666667  0.9444444444  0.0000000000  0.0030864198
  0.7222222222  0.9444444444  0.0000000000  0.0030864198
  0.7777777778  0.9444444444  0.0000000000  0.0030864198
  0.8333333333  0.9444444444  0.0000000000  0.0030864198
  0.8888888889  0.9444444444  0.0000000000  0.0030864198
  0.9444444444  0.9444444444  0.0000000000  0.0030864198
